center=569;
test_error=1.000903e+00;
train_errorcenter=1.000936e+00;