center=414;
test_error=1.002154e+00;
train_errorcenter=1.002239e+00;