center=492;
test_error=1.001190e+00;
train_errorcenter=1.001247e+00;