center=182;
test_error=1.000715e+00;
train_errorcenter=1.000697e+00;