center=311;
test_error=1.001277e+00;
train_errorcenter=1.001249e+00;