task_id=17;
center=151;
test_error_HBF1=4.883041e+02;
train_error_HBF1=4.806275e+02;
test_error_RBF=4.883041e+02;
train_error_RBF=4.778289e+02;