task_id=4;
center=29;
test_error_HBF1=4.883041e+02;
train_error_HBF1=4.806146e+02;
test_error_RBF=4.883041e+02;
train_error_RBF=4.801213e+02;