task_id=11;
center=95;
test_error_HBF1=4.883041e+02;
train_error_HBF1=4.806075e+02;
test_error_RBF=4.883041e+02;
train_error_RBF=4.788646e+02;