task_id=2;
center=10;
test_error_HBF1=4.883041e+02;
train_error_HBF1=4.806234e+02;
test_error_RBF=4.883041e+02;
train_error_RBF=4.803875e+02;