task_id=14;
center=123;
test_error_HBF1=4.883041e+02;
train_error_HBF1=4.806179e+02;
test_error_RBF=4.883041e+02;
train_error_RBF=4.786555e+02;