task_id=9;
center=76;
test_error_HBF1=4.883041e+02;
train_error_HBF1=4.806291e+02;
test_error_RBF=4.883041e+02;
train_error_RBF=4.792608e+02;