task_id=3;
center=19;
test_error_HBF1=4.883041e+02;
train_error_HBF1=4.806140e+02;
test_error_RBF=4.883041e+02;
train_error_RBF=4.803612e+02;