task_id=6;
center=48;
test_error_HBF1=4.883041e+02;
train_error_HBF1=4.806180e+02;
test_error_RBF=4.883041e+02;
train_error_RBF=4.797504e+02;