task_id=15;
center=132;
test_error_HBF1=4.883041e+02;
train_error_HBF1=4.806124e+02;
test_error_RBF=4.883041e+02;
train_error_RBF=4.784303e+02;