task_id=13;
center=114;
test_error_HBF1=4.883041e+02;
train_error_HBF1=4.805866e+02;
test_error_RBF=4.883041e+02;
train_error_RBF=4.782812e+02;