task_id=20;
center=180;
test_error_HBF1=4.883041e+02;
train_error_HBF1=4.806124e+02;
test_error_RBF=4.883041e+02;
train_error_RBF=4.771648e+02;