task_id=10;
center=85;
test_error_HBF1=4.883041e+02;
train_error_HBF1=4.806176e+02;
test_error_RBF=4.883041e+02;
train_error_RBF=4.789361e+02;