task_id=16;
center=142;
test_error_HBF1=4.883041e+02;
train_error_HBF1=4.806042e+02;
test_error_RBF=4.883041e+02;
train_error_RBF=4.783977e+02;