task_id=12;
center=104;
test_error_HBF1=4.883041e+02;
train_error_HBF1=4.806301e+02;
test_error_RBF=4.883041e+02;
train_error_RBF=4.788838e+02;