task_id=5;
center=38;
test_error_HBF1=4.883041e+02;
train_error_HBF1=4.806130e+02;
test_error_RBF=4.883041e+02;
train_error_RBF=4.799970e+02;