task_id=20;
secs=1.443700e+03;
minutes=2.406166e+01;
hours=4.010277e-01;
iterations=28000;
center=180;
data_set= '../../../common/data/data_h_D10_x2sinx2_0.7_0.15_0.15_28000_6000_6000.mat' ;