task_id=15;
secs=1.105123e+03;
minutes=1.841871e+01;
hours=3.069785e-01;
iterations=28000;
center=132;
data_set= '../../../common/data/data_h_D10_x2sinx2_0.7_0.15_0.15_28000_6000_6000.mat' ;