task_id=17;
secs=1.244972e+03;
minutes=2.074953e+01;
hours=3.458254e-01;
iterations=28000;
center=151;
data_set= '../../../common/data/data_h_D10_x2sinx2_0.7_0.15_0.15_28000_6000_6000.mat' ;