task_id=11;
secs=8.456871e+02;
minutes=1.409478e+01;
hours=2.349131e-01;
iterations=28000;
center=95;
data_set= '../../../common/data/data_h_D10_x2sinx2_0.7_0.15_0.15_28000_6000_6000.mat' ;