task_id=3;
secs=2.164124e+02;
minutes=3.606874e+00;
hours=6.011456e-02;
iterations=28000;
center=19;
data_set= '../../../common/data/data_h_D10_x2sinx2_0.7_0.15_0.15_28000_6000_6000.mat' ;