task_id=14;
secs=1.059567e+03;
minutes=1.765945e+01;
hours=2.943242e-01;
iterations=28000;
center=123;
data_set= '../../../common/data/data_h_D10_x2sinx2_0.7_0.15_0.15_28000_6000_6000.mat' ;