task_id=5;
secs=3.002248e+02;
minutes=5.003746e+00;
hours=8.339577e-02;
iterations=28000;
center=38;
data_set= '../../../common/data/data_h_D10_x2sinx2_0.7_0.15_0.15_28000_6000_6000.mat' ;