task_id=17;
center=17;
test_error_HBF1=1.000012e+00;
train_error_HBF1=1.000012e+00;
test_error_RBF=4.308575e-01;
train_error_RBF=4.321943e-01;