task_id=20;
center=20;
test_error_HBF1=1.000010e+00;
train_error_HBF1=1.000010e+00;
test_error_RBF=4.109986e-01;
train_error_RBF=4.154903e-01;