task_id=38;
center=38;
test_error_HBF1=1.000072e+00;
train_error_HBF1=1.000075e+00;
test_error_RBF=3.420263e-01;
train_error_RBF=3.363529e-01;