task_id=22;
center=22;
test_error_HBF1=1.000058e+00;
train_error_HBF1=1.000059e+00;
test_error_RBF=3.597464e-01;
train_error_RBF=3.563611e-01;