task_id=10;
center=10;
test_error_HBF1=6.015512e-01;
train_error_HBF1=5.937637e-01;
test_error_RBF=4.584337e-01;
train_error_RBF=4.527798e-01;