task_id=35;
center=35;
test_error_HBF1=1.000006e+00;
train_error_HBF1=1.000006e+00;
test_error_RBF=3.353140e-01;
train_error_RBF=3.468739e-01;