task_id=31;
center=31;
test_error_HBF1=1.000134e+00;
train_error_HBF1=1.000136e+00;
test_error_RBF=3.354328e-01;
train_error_RBF=3.380062e-01;