task_id=16;
center=16;
test_error_HBF1=5.979949e-01;
train_error_HBF1=5.300339e-01;
test_error_RBF=3.832891e-01;
train_error_RBF=3.385078e-01;