task_id=20;
center=20;
test_error_HBF1=5.981036e-01;
train_error_HBF1=5.303626e-01;
test_error_RBF=3.628326e-01;
train_error_RBF=3.210875e-01;