task_id=17;
center=17;
test_error_HBF1=6.001657e-01;
train_error_HBF1=5.317994e-01;
test_error_RBF=3.907297e-01;
train_error_RBF=3.441961e-01;