task_id=20;
center=180;
test_error_HBF1=4.649232e+01;
train_error_HBF1=4.662243e+01;
test_error_RBF=1.004632e+00;
train_error_RBF=9.936876e-01;