task_id=11;
center=95;
test_error_HBF1=1.682446e+01;
train_error_HBF1=1.686607e+01;
test_error_RBF=1.000667e+00;
train_error_RBF=9.962502e-01;