task_id=12;
center=104;
test_error_HBF1=1.446705e+01;
train_error_HBF1=1.438024e+01;
test_error_RBF=1.002349e+00;
train_error_RBF=9.967613e-01;