task_id=5;
center=38;
test_error_HBF1=2.948152e+00;
train_error_HBF1=2.966420e+00;
test_error_RBF=1.000652e+00;
train_error_RBF=9.986926e-01;