task_id=17;
center=151;
test_error_HBF1=3.034655e+01;
train_error_HBF1=3.019295e+01;
test_error_RBF=1.000763e+00;
train_error_RBF=9.950893e-01;