task_id=18;
center=161;
test_error_HBF1=3.558848e+01;
train_error_HBF1=3.569297e+01;
test_error_RBF=1.004070e+00;
train_error_RBF=9.938954e-01;