task_id=8;
center=66;
test_error_HBF1=5.686328e+00;
train_error_HBF1=5.700718e+00;
test_error_RBF=1.000356e+00;
train_error_RBF=9.977009e-01;