task_id=10;
secs=3.292045e+04;
minutes=5.486741e+02;
hours=9.144568e+00;
iterations=61600;
center=85;
data_set= '../../../common/data/data_h_D10_x2sinx2_0.7_0.15_0.15_28000_6000_6000.mat' ;