task_id=19;
secs=5.889290e+04;
minutes=9.815483e+02;
hours=1.635914e+01;
iterations=61600;
center=170;
data_set= '../../../common/data/data_h_D10_x2sinx2_0.7_0.15_0.15_28000_6000_6000.mat' ;