task_id=5;
secs=1.487208e+04;
minutes=2.478681e+02;
hours=4.131135e+00;
iterations=61600;
center=38;
data_set= '../../../common/data/data_h_D10_x2sinx2_0.7_0.15_0.15_28000_6000_6000.mat' ;