task_id=20;
secs=6.055951e+04;
minutes=1.009325e+03;
hours=1.682209e+01;
iterations=61600;
center=180;
data_set= '../../../common/data/data_h_D10_x2sinx2_0.7_0.15_0.15_28000_6000_6000.mat' ;