task_id=11;
center=95;
test_error_HBF1=4.224194e-01;
train_error_HBF1=4.211771e-01;
test_error_RBF=2.488284e-03;
train_error_RBF=2.463150e-03;