task_id=8;
center=66;
test_error_HBF1=4.464810e-01;
train_error_HBF1=4.445301e-01;
test_error_RBF=1.610832e-02;
train_error_RBF=1.573497e-02;