task_id=5;
center=38;
test_error_HBF1=4.239496e-01;
train_error_HBF1=4.214205e-01;
test_error_RBF=9.426937e-02;
train_error_RBF=9.234840e-02;