task_id=17;
center=151;
test_error_HBF1=3.230425e-01;
train_error_HBF1=3.212215e-01;
test_error_RBF=5.224035e-05;
train_error_RBF=4.644110e-05;