task_id=14;
secs=4.076991e+03;
minutes=6.794985e+01;
hours=1.132497e+00;
iterations=30800;
center=123;
data_set= '../../../common/data/data_h_sinxy_0.7_0.15_0.15_28000_6000_6000.mat' ;