task_id=12;
secs=2.948205e+03;
minutes=4.913676e+01;
hours=8.189459e-01;
iterations=30800;
center=104;
data_set= '../../../common/data/data_h_sinxy_0.7_0.15_0.15_28000_6000_6000.mat' ;