task_id=13;
secs=3.480087e+03;
minutes=5.800146e+01;
hours=9.666910e-01;
iterations=30800;
center=114;
data_set= '../../../common/data/data_h_sinxy_0.7_0.15_0.15_28000_6000_6000.mat' ;