task_id=11;
secs=2.865442e+03;
minutes=4.775737e+01;
hours=7.959561e-01;
iterations=30800;
center=95;
data_set= '../../../common/data/data_h_sinxy_0.7_0.15_0.15_28000_6000_6000.mat' ;