task_id=1;
center=10;
test_error_HBF1=4.142081e-02;
train_error_HBF1=4.087167e-02;
test_error_RBF=3.165798e-02;
train_error_RBF=3.082291e-02;