task_id=1;
center=132;
test_error_HBF1=2.045727e+00;
train_error_HBF1=1.977513e+00;
test_error_RBF=2.728370e-02;
train_error_RBF=2.647373e-02;