task_id=1;
secs=2.199248e+00;
minutes=3.665413e-02;
hours=6.109022e-04;
iterations=510;
center=10;
data_set= '../../../common/data/data_h_gabor_0.7_0.15_0.15_28000_6000_6000.mat' ;