task_id=12;
center=104;
test_error_HBF1=4.446200e-01;
train_error_HBF1=4.412373e-01;
test_error_RBF=2.524576e-03;
train_error_RBF=2.279002e-03;