task_id=6;
center=48;
test_error_HBF1=4.422014e-01;
train_error_HBF1=4.436579e-01;
test_error_RBF=4.349967e-02;
train_error_RBF=4.146891e-02;