task_id=3;
center=19;
test_error_HBF1=4.242844e-01;
train_error_HBF1=4.249777e-01;
test_error_RBF=2.594856e-01;
train_error_RBF=2.612466e-01;