task_id=10;
center=85;
test_error_HBF1=4.516008e-01;
train_error_HBF1=4.501670e-01;
test_error_RBF=4.956155e-03;
train_error_RBF=4.783231e-03;