task_id=3;
secs=7.194670e+02;
minutes=1.199112e+01;
hours=1.998519e-01;
iterations=30800;
center=19;
data_set= '../../../common/data/data_h_sinxy_0.7_0.15_0.15_28000_6000_6000.mat' ;