task_id=5;
center=38;
test_error_HBF1=4.883041e+02;
train_error_HBF1=4.806168e+02;
test_error_RBF=4.883041e+02;
train_error_RBF=4.800318e+02;