task_id=16;
center=142;
test_error_HBF1=4.883041e+02;
train_error_HBF1=4.806152e+02;
test_error_RBF=4.883041e+02;
train_error_RBF=4.786361e+02;