task_id=19;
center=170;
test_error_HBF1=4.883041e+02;
train_error_HBF1=4.806166e+02;
test_error_RBF=4.883041e+02;
train_error_RBF=4.777093e+02;