task_id=7;
center=57;
test_error_HBF1=4.883041e+02;
train_error_HBF1=4.806194e+02;
test_error_RBF=4.883041e+02;
train_error_RBF=4.796475e+02;