task_id=20;
center=180;
test_error_HBF1=4.883041e+02;
train_error_HBF1=4.806182e+02;
test_error_RBF=4.883041e+02;
train_error_RBF=4.776745e+02;