task_id=3;
center=19;
test_error_HBF1=4.883041e+02;
train_error_HBF1=4.806217e+02;
test_error_RBF=4.883041e+02;
train_error_RBF=4.802751e+02;