task_id=18;
center=161;
test_error_HBF1=4.883041e+02;
train_error_HBF1=4.806020e+02;
test_error_RBF=4.883041e+02;
train_error_RBF=4.776574e+02;