task_id=8;
center=66;
test_error_HBF1=4.883041e+02;
train_error_HBF1=4.806183e+02;
test_error_RBF=4.883041e+02;
train_error_RBF=4.792360e+02;