task_id=11;
center=95;
test_error_HBF1=4.883041e+02;
train_error_HBF1=4.806258e+02;
test_error_RBF=4.883041e+02;
train_error_RBF=4.790316e+02;