task_id=20;
secs=7.428441e+01;
minutes=1.238073e+00;
hours=2.063456e-02;
iterations=1000;
center=180;
data_set= '../../../common/data/data_h_D10_x2sinx2_0.7_0.15_0.15_28000_6000_6000.mat' ;