task_id=13;
secs=5.233392e+01;
minutes=8.722320e-01;
hours=1.453720e-02;
iterations=1000;
center=114;
data_set= '../../../common/data/data_h_D10_x2sinx2_0.7_0.15_0.15_28000_6000_6000.mat' ;