task_id=1;
secs=1.253297e+01;
minutes=2.088828e-01;
hours=3.481381e-03;
iterations=1000;
center=1;
data_set= '../../../common/data/data_h_D10_x2sinx2_0.7_0.15_0.15_28000_6000_6000.mat' ;