task_id=16;
secs=5.703639e+01;
minutes=9.506065e-01;
hours=1.584344e-02;
iterations=1000;
center=142;
data_set= '../../../common/data/data_h_D10_x2sinx2_0.7_0.15_0.15_28000_6000_6000.mat' ;