task_id=18;
secs=6.555651e+01;
minutes=1.092608e+00;
hours=1.821014e-02;
iterations=1000;
center=161;
data_set= '../../../common/data/data_h_D10_x2sinx2_0.7_0.15_0.15_28000_6000_6000.mat' ;