task_id=8;
secs=3.243614e+01;
minutes=5.406023e-01;
hours=9.010038e-03;
iterations=1000;
center=66;
data_set= '../../../common/data/data_h_D10_x2sinx2_0.7_0.15_0.15_28000_6000_6000.mat' ;