task_id=17;
secs=7.793667e+02;
minutes=1.298945e+01;
hours=2.164908e-01;
iterations=1000;
center=151;
data_set= '../../../common/data/data_h_D10_x2sinx2_0.7_0.15_0.15_28000_6000_6000.mat' ;