task_id=6;
secs=2.199187e+01;
minutes=3.665311e-01;
hours=6.108852e-03;
iterations=1000;
center=48;
data_set= '../../../common/data/data_h_D10_x2sinx2_0.7_0.15_0.15_28000_6000_6000.mat' ;