task_id=14;
secs=5.312797e+01;
minutes=8.854661e-01;
hours=1.475777e-02;
iterations=1000;
center=123;
data_set= '../../../common/data/data_h_D10_x2sinx2_0.7_0.15_0.15_28000_6000_6000.mat' ;