task_id=4;
secs=1.780372e+01;
minutes=2.967286e-01;
hours=4.945476e-03;
iterations=1000;
center=29;
data_set= '../../../common/data/data_h_D10_x2sinx2_0.7_0.15_0.15_28000_6000_6000.mat' ;