task_id=19;
secs=7.057197e+01;
minutes=1.176200e+00;
hours=1.960333e-02;
iterations=1000;
center=170;
data_set= '../../../common/data/data_h_D10_x2sinx2_0.7_0.15_0.15_28000_6000_6000.mat' ;