task_id=3;
secs=1.137076e+01;
minutes=1.895126e-01;
hours=3.158543e-03;
iterations=1000;
center=19;
data_set= '../../../common/data/data_h_D10_x2sinx2_0.7_0.15_0.15_28000_6000_6000.mat' ;