task_id=2;
secs=1.178527e+01;
minutes=1.964212e-01;
hours=3.273686e-03;
iterations=1000;
center=10;
data_set= '../../../common/data/data_h_D10_x2sinx2_0.7_0.15_0.15_28000_6000_6000.mat' ;