task_id=10;
secs=5.124145e+01;
minutes=8.540242e-01;
hours=1.423374e-02;
iterations=1000;
center=85;
data_set= '../../../common/data/data_h_D10_x2sinx2_0.7_0.15_0.15_28000_6000_6000.mat' ;