task_id=12;
secs=5.199693e+01;
minutes=8.666156e-01;
hours=1.444359e-02;
iterations=1000;
center=104;
data_set= '../../../common/data/data_h_D10_x2sinx2_0.7_0.15_0.15_28000_6000_6000.mat' ;