task_id=9;
secs=3.571219e+01;
minutes=5.952032e-01;
hours=9.920053e-03;
iterations=1000;
center=76;
data_set= '../../../common/data/data_h_D10_x2sinx2_0.7_0.15_0.15_28000_6000_6000.mat' ;