task_id=11;
center=95;
test_error_HBF1=4.037368e-02;
train_error_HBF1=3.864180e-02;
test_error_RBF=2.517702e-02;
train_error_RBF=2.369402e-02;