task_id=15;
secs=1.498015e+03;
minutes=2.496692e+01;
hours=4.161153e-01;
iterations=61600;
center=132;
data_set= '../../../common/data/data_h_gabor_0.7_0.15_0.15_28000_6000_6000.mat' ;