task_id=3;
secs=6.395223e+02;
minutes=1.065870e+01;
hours=1.776451e-01;
iterations=61600;
center=19;
data_set= '../../../common/data/data_h_gabor_0.7_0.15_0.15_28000_6000_6000.mat' ;