task_id=10;
secs=1.116010e+03;
minutes=1.860016e+01;
hours=3.100027e-01;
iterations=61600;
center=85;
data_set= '../../../common/data/data_h_gabor_0.7_0.15_0.15_28000_6000_6000.mat' ;