task_id=11;
secs=1.167248e+03;
minutes=1.945414e+01;
hours=3.242356e-01;
iterations=61600;
center=95;
data_set= '../../../common/data/data_h_gabor_0.7_0.15_0.15_28000_6000_6000.mat' ;