task_id=13;
secs=1.332452e+03;
minutes=2.220754e+01;
hours=3.701256e-01;
iterations=61600;
center=114;
data_set= '../../../common/data/data_h_gabor_0.7_0.15_0.15_28000_6000_6000.mat' ;