task_id=7;
secs=1.346202e+03;
minutes=2.243671e+01;
hours=3.739451e-01;
iterations=61600;
center=57;
data_set= '../../../common/data/data_h_gabor_0.7_0.15_0.15_28000_6000_6000.mat' ;