task_id=8;
secs=1.469212e+03;
minutes=2.448686e+01;
hours=4.081144e-01;
iterations=61600;
center=66;
data_set= '../../../common/data/data_h_gabor_0.7_0.15_0.15_28000_6000_6000.mat' ;