task_id=14;
secs=1.400887e+03;
minutes=2.334811e+01;
hours=3.891352e-01;
iterations=61600;
center=123;
data_set= '../../../common/data/data_h_gabor_0.7_0.15_0.15_28000_6000_6000.mat' ;