task_id=15;
center=132;
test_error_HBF1=7.479472e-03;
train_error_HBF1=7.752013e-03;
test_error_RBF=1.217916e-03;
train_error_RBF=1.396177e-03;