task_id=20;
center=180;
test_error_HBF1=5.512210e-03;
train_error_HBF1=5.940246e-03;
test_error_RBF=9.079394e-04;
train_error_RBF=1.038509e-03;