task_id=2;
center=10;
test_error_HBF1=3.462569e-02;
train_error_HBF1=3.457545e-02;
test_error_RBF=2.286953e-02;
train_error_RBF=2.265394e-02;