task_id=16;
center=142;
test_error_HBF1=7.680905e-03;
train_error_HBF1=8.058194e-03;
test_error_RBF=1.065225e-03;
train_error_RBF=1.213136e-03;