task_id=10;
center=85;
test_error_HBF1=8.880209e-03;
train_error_HBF1=9.278835e-03;
test_error_RBF=1.676572e-03;
train_error_RBF=1.880601e-03;