task_id=2;
secs=1.875973e+03;
minutes=3.126621e+01;
hours=5.211036e-01;
iterations=30800;
center=45;
data_set= '../../../common/data/data_h_D10_x2sinx_0.7_0.15_0.15_28000_6000_6000.mat' ;