task_id=3;
center=120;
test_error_HBF1=5.719911e+02;
train_error_HBF1=5.822578e+02;
test_error_RBF=4.582123e+03;
train_error_RBF=4.485343e+03;