task_id=4;
secs=5.395529e+03;
minutes=8.992548e+01;
hours=1.498758e+00;
iterations=30800;
center=180;
data_set= '../../../common/data/data_h_add_0.7_0.15_0.15_28000_6000_6000.mat' ;