task_id=19;
center=170;
test_error_HBF1=5.646916e-03;
train_error_HBF1=6.013225e-03;
test_error_RBF=9.382747e-04;
train_error_RBF=1.074495e-03;