task_id=7;
center=57;
test_error_HBF1=2.065124e-02;
train_error_HBF1=2.070766e-02;
test_error_RBF=2.733037e-03;
train_error_RBF=3.023510e-03;