task_id=16;
secs=4.513715e+04;
minutes=7.522858e+02;
hours=1.253810e+01;
iterations=58800;
center=142;
data_set= '../../../common/data/data_h_1_x2_y2_sinxy_0.7_0.15_0.15_28000_6000_6000.mat' ;