task_id=8;
secs=1.861201e+04;
minutes=3.102002e+02;
hours=5.170003e+00;
iterations=58800;
center=66;
data_set= '../../../common/data/data_h_1_x2_y2_sinxy_0.7_0.15_0.15_28000_6000_6000.mat' ;