task_id=12;
secs=3.189327e+04;
minutes=5.315544e+02;
hours=8.859240e+00;
iterations=58800;
center=104;
data_set= '../../../common/data/data_h_1_x2_y2_sinxy_0.7_0.15_0.15_28000_6000_6000.mat' ;