task_id=17;
secs=4.505403e+04;
minutes=7.509005e+02;
hours=1.251501e+01;
iterations=58800;
center=151;
data_set= '../../../common/data/data_h_1_x2_y2_sinxy_0.7_0.15_0.15_28000_6000_6000.mat' ;