task_id=6;
secs=1.444239e+04;
minutes=2.407065e+02;
hours=4.011775e+00;
iterations=58800;
center=48;
data_set= '../../../common/data/data_h_1_x2_y2_sinxy_0.7_0.15_0.15_28000_6000_6000.mat' ;