task_id=11;
secs=2.906847e+04;
minutes=4.844744e+02;
hours=8.074574e+00;
iterations=58800;
center=95;
data_set= '../../../common/data/data_h_1_x2_y2_sinxy_0.7_0.15_0.15_28000_6000_6000.mat' ;