task_id=2;
center=60;
test_error_HBF1=4.832305e+01;
train_error_HBF1=4.788866e+01;
test_error_RBF=4.593721e+03;
train_error_RBF=4.496978e+03;