task_id=3;
center=120;
test_error_HBF1=2.036464e+01;
train_error_HBF1=2.011691e+01;
test_error_RBF=4.582123e+03;
train_error_RBF=4.485343e+03;