task_id=3;
center=19;
test_error_HBF1=3.207574e+00;
train_error_HBF1=3.205365e+00;
test_error_RBF=2.217590e-01;
train_error_RBF=2.247745e-01;