task_id=15;
center=132;
test_error_HBF1=1.904459e+01;
train_error_HBF1=1.926976e+01;
test_error_RBF=1.969426e-04;
train_error_RBF=1.912547e-04;