task_id=9;
center=76;
test_error_HBF1=6.863179e+00;
train_error_HBF1=6.940273e+00;
test_error_RBF=8.148439e-03;
train_error_RBF=7.869423e-03;