task_id=5;
secs=1.384721e+04;
minutes=2.307869e+02;
hours=3.846448e+00;
iterations=58800;
center=38;
data_set= '../../../common/data/data_h_sinxy_0.7_0.15_0.15_28000_6000_6000.mat' ;