task_id=19;
secs=4.470966e+04;
minutes=7.451609e+02;
hours=1.241935e+01;
iterations=58800;
center=170;
data_set= '../../../common/data/data_h_sinxy_0.7_0.15_0.15_28000_6000_6000.mat' ;