task_id=3;
secs=7.955650e+03;
minutes=1.325942e+02;
hours=2.209903e+00;
iterations=58800;
center=19;
data_set= '../../../common/data/data_h_sinxy_0.7_0.15_0.15_28000_6000_6000.mat' ;