task_id=15;
center=132;
test_error_HBF1=3.027230e+01;
train_error_HBF1=2.992934e+01;
test_error_RBF=9.727708e-05;
train_error_RBF=9.726145e-05;