task_id=10;
center=85;
test_error_HBF1=9.741231e+00;
train_error_HBF1=9.778031e+00;
test_error_RBF=4.956155e-03;
train_error_RBF=4.783231e-03;