task_id=2;
center=10;
test_error_HBF1=2.467812e+00;
train_error_HBF1=2.476071e+00;
test_error_RBF=3.052163e-01;
train_error_RBF=3.084793e-01;