task_id=5;
center=38;
test_error_HBF1=7.974080e+00;
train_error_HBF1=7.813699e+00;
test_error_RBF=9.426937e-02;
train_error_RBF=9.234840e-02;