task_id=19;
center=170;
test_error_HBF1=6.920669e+00;
train_error_HBF1=6.978576e+00;
test_error_RBF=1.211768e-05;
train_error_RBF=1.110673e-05;