task_id=6;
center=48;
test_error_HBF1=7.428875e+00;
train_error_HBF1=7.370476e+00;
test_error_RBF=4.349967e-02;
train_error_RBF=4.146891e-02;