task_id=3;
secs=6.548563e+02;
minutes=1.091427e+01;
hours=1.819045e-01;
iterations=30800;
center=19;
data_set= '../../../common/data/data_h_sinxy_0.7_0.15_0.15_28000_6000_6000.mat' ;