task_id=12;
secs=3.750068e+03;
minutes=6.250113e+01;
hours=1.041686e+00;
iterations=30800;
center=104;
data_set= '../../../common/data/data_h_sinxy_0.7_0.15_0.15_28000_6000_6000.mat' ;