task_id=9;
secs=2.802011e+03;
minutes=4.670019e+01;
hours=7.783365e-01;
iterations=30800;
center=76;
data_set= '../../../common/data/data_h_sinxy_0.7_0.15_0.15_28000_6000_6000.mat' ;