task_id=8;
secs=2.123845e+03;
minutes=3.539742e+01;
hours=5.899571e-01;
iterations=30800;
center=66;
data_set= '../../../common/data/data_h_sinxy_0.7_0.15_0.15_28000_6000_6000.mat' ;