task_id=14;
secs=3.708378e+03;
minutes=6.180629e+01;
hours=1.030105e+00;
iterations=30800;
center=123;
data_set= '../../../common/data/data_h_sinxy_0.7_0.15_0.15_28000_6000_6000.mat' ;