task_id=14;
center=337;
test_error_HBF1=1.001441e+00;
train_error_HBF1=1.001416e+00;
test_error_RBF=1.508522e-01;
train_error_RBF=9.065534e-02;