task_id=13;
center=311;
test_error_HBF1=1.001143e+00;
train_error_HBF1=1.001154e+00;
test_error_RBF=1.563982e-01;
train_error_RBF=9.649949e-02;