task_id=3;
center=53;
test_error_HBF1=1.000295e+00;
train_error_HBF1=1.000315e+00;
test_error_RBF=2.927988e-01;
train_error_RBF=2.667072e-01;