task_id=7;
center=156;
test_error_HBF1=1.000714e+00;
train_error_HBF1=1.000718e+00;
test_error_RBF=1.937369e-01;
train_error_RBF=1.575460e-01;