task_id=17;
center=414;
test_error_HBF1=1.000626e+00;
train_error_HBF1=1.000645e+00;
test_error_RBF=1.497554e-01;
train_error_RBF=7.523762e-02;