task_id=22;
center=543;
test_error_HBF1=1.003509e+00;
train_error_HBF1=1.003670e+00;
test_error_RBF=1.326762e-01;
train_error_RBF=4.993299e-02;