task_id=5;
center=105;
test_error_HBF1=1.000504e+00;
train_error_HBF1=1.000549e+00;
test_error_RBF=2.557592e-01;
train_error_RBF=2.184544e-01;