task_id=24;
center=595;
test_error_HBF1=1.002820e+00;
train_error_HBF1=1.002960e+00;
test_error_RBF=1.286200e-01;
train_error_RBF=3.961038e-02;