task_id=9;
center=208;
test_error_HBF1=1.001739e+00;
train_error_HBF1=1.001714e+00;
test_error_RBF=1.721420e-01;
train_error_RBF=1.287213e-01;