task_id=12;
center=285;
test_error_HBF1=1.000808e+00;
train_error_HBF1=1.000831e+00;
test_error_RBF=1.722415e-01;
train_error_RBF=1.084944e-01;