task_id=28;
center=698;
test_error_HBF1=1.001933e+00;
train_error_HBF1=1.001986e+00;
test_error_RBF=1.242199e-01;
train_error_RBF=3.017072e-02;