task_id=4;
center=79;
test_error_HBF1=1.000084e+00;
train_error_HBF1=1.000087e+00;
test_error_RBF=2.704984e-01;
train_error_RBF=2.469585e-01;