task_id=16;
center=388;
test_error_HBF1=1.001843e+00;
train_error_HBF1=1.001924e+00;
test_error_RBF=1.531578e-01;
train_error_RBF=7.737903e-02;