task_id=24;
secs=7.936253e+03;
minutes=1.322709e+02;
hours=2.204515e+00;
iterations=10500;
center=595;