task_id=9;
secs=2.697745e+03;
minutes=4.496241e+01;
hours=7.493735e-01;
iterations=10500;
center=208;