task_id=8;
secs=2.367435e+03;
minutes=3.945725e+01;
hours=6.576209e-01;
iterations=10500;
center=182;