task_id=10;
secs=3.468390e+03;
minutes=5.780650e+01;
hours=9.634416e-01;
iterations=10500;
center=234;