task_id=17;
secs=5.983710e+03;
minutes=9.972849e+01;
hours=1.662142e+00;
iterations=10500;
center=414;