task_id=14;
secs=4.799636e+03;
minutes=7.999393e+01;
hours=1.333232e+00;
iterations=10500;
center=337;