task_id=12;
secs=4.065589e+03;
minutes=6.775981e+01;
hours=1.129330e+00;
iterations=10500;
center=285;