task_id=29;
secs=8.605372e+03;
minutes=1.434229e+02;
hours=2.390381e+00;
iterations=10500;
center=724;