task_id=15;
secs=4.884877e+03;
minutes=8.141462e+01;
hours=1.356910e+00;
iterations=10500;
center=363;