task_id=4;
secs=1.488018e+03;
minutes=2.480029e+01;
hours=4.133382e-01;
iterations=10500;
center=79;