task_id=6;
secs=1.585412e+03;
minutes=2.642354e+01;
hours=4.403923e-01;
iterations=10500;
center=130;