task_id=11;
secs=3.806457e+03;
minutes=6.344096e+01;
hours=1.057349e+00;
iterations=10500;
center=259;