task_id=27;
secs=7.053243e+03;
minutes=1.175541e+02;
hours=1.959234e+00;
iterations=10500;
center=672;