task_id=23;
secs=8.065447e+03;
minutes=1.344241e+02;
hours=2.240402e+00;
iterations=10500;
center=569;