task_id=21;
secs=6.667803e+03;
minutes=1.111301e+02;
hours=1.852168e+00;
iterations=10500;
center=517;