task_id=13;
secs=9.377671e+00;
minutes=1.562945e-01;
hours=2.604909e-03;
iterations=28;
center=114;
data_set= '../../../common/data/data_h_gabor_0.7_0.15_0.15_28000_6000_6000.mat' ;