task_id=11;
secs=9.368218e+00;
minutes=1.561370e-01;
hours=2.602283e-03;
iterations=28;
center=95;
data_set= '../../../common/data/data_h_gabor_0.7_0.15_0.15_28000_6000_6000.mat' ;