task_id=13;
secs=8.157258e+00;
minutes=1.359543e-01;
hours=2.265905e-03;
iterations=28;
center=114;
data_set= '../../../common/data/data_h_gabor_0.7_0.15_0.15_28000_6000_6000.mat' ;