task_id=10;
secs=8.130287e+00;
minutes=1.355048e-01;
hours=2.258413e-03;
iterations=28;
center=85;
data_set= '../../../common/data/data_h_gabor_0.7_0.15_0.15_28000_6000_6000.mat' ;