task_id=7;
secs=9.533931e+00;
minutes=1.588989e-01;
hours=2.648314e-03;
iterations=28;
center=57;
data_set= '../../../common/data/data_h_gabor_0.7_0.15_0.15_28000_6000_6000.mat' ;