task_id=14;
secs=4.367168e+00;
minutes=7.278613e-02;
hours=1.213102e-03;
iterations=28;
center=123;
data_set= '../../../common/data/data_h_gabor_0.7_0.15_0.15_28000_6000_6000.mat' ;