task_id=17;
secs=3.545502e+00;
minutes=5.909170e-02;
hours=9.848617e-04;
iterations=28;
center=151;
data_set= '../../../common/data/data_h_gabor_0.7_0.15_0.15_28000_6000_6000.mat' ;