task_id=12;
secs=5.034301e+00;
minutes=8.390502e-02;
hours=1.398417e-03;
iterations=28;
center=104;
data_set= '../../../common/data/data_h_gabor_0.7_0.15_0.15_28000_6000_6000.mat' ;