task_id=10;
secs=5.110813e+00;
minutes=8.518022e-02;
hours=1.419670e-03;
iterations=28;
center=85;
data_set= '../../../common/data/data_h_gabor_0.7_0.15_0.15_28000_6000_6000.mat' ;