task_id=12;
secs=8.111060e+00;
minutes=1.351843e-01;
hours=2.253072e-03;
iterations=28;
center=104;
data_set= '../../../common/data/data_h_gabor_0.7_0.15_0.15_28000_6000_6000.mat' ;