task_id=6;
secs=9.517879e+00;
minutes=1.586313e-01;
hours=2.643855e-03;
iterations=28;
center=48;
data_set= '../../../common/data/data_h_gabor_0.7_0.15_0.15_28000_6000_6000.mat' ;