task_id=9;
secs=9.409243e+00;
minutes=1.568207e-01;
hours=2.613679e-03;
iterations=28;
center=76;
data_set= '../../../common/data/data_h_gabor_0.7_0.15_0.15_28000_6000_6000.mat' ;