task_id=15;
secs=3.231890e+00;
minutes=5.386483e-02;
hours=8.977472e-04;
iterations=28;
center=132;
data_set= '../../../common/data/data_h_gabor_0.7_0.15_0.15_28000_6000_6000.mat' ;