task_id=6;
secs=9.535936e+00;
minutes=1.589323e-01;
hours=2.648871e-03;
iterations=28;
center=48;
data_set= '../../../common/data/data_h_gabor_0.7_0.15_0.15_28000_6000_6000.mat' ;