task_id=4;
secs=9.517745e+00;
minutes=1.586291e-01;
hours=2.643818e-03;
iterations=28;
center=29;
data_set= '../../../common/data/data_h_gabor_0.7_0.15_0.15_28000_6000_6000.mat' ;