task_id=18;
secs=4.433184e+00;
minutes=7.388640e-02;
hours=1.231440e-03;
iterations=28;
center=161;
data_set= '../../../common/data/data_h_gabor_0.7_0.15_0.15_28000_6000_6000.mat' ;