task_id=3;
secs=3.311841e+00;
minutes=5.519735e-02;
hours=9.199558e-04;
iterations=28;
center=19;
data_set= '../../../common/data/data_h_gabor_0.7_0.15_0.15_28000_6000_6000.mat' ;