task_id=20;
secs=7.890464e+00;
minutes=1.315077e-01;
hours=2.191796e-03;
iterations=28;
center=180;
data_set= '../../../common/data/data_h_gabor_0.7_0.15_0.15_28000_6000_6000.mat' ;