task_id=11;
secs=9.464250e+00;
minutes=1.577375e-01;
hours=2.628958e-03;
iterations=28;
center=95;
data_set= '../../../common/data/data_h_gabor_0.7_0.15_0.15_28000_6000_6000.mat' ;