task_id=8;
secs=9.537848e+00;
minutes=1.589641e-01;
hours=2.649402e-03;
iterations=28;
center=66;
data_set= '../../../common/data/data_h_gabor_0.7_0.15_0.15_28000_6000_6000.mat' ;