task_id=1;
secs=3.511088e+00;
minutes=5.851813e-02;
hours=9.753022e-04;
iterations=28;
center=1;
data_set= '../../../common/data/data_h_gabor_0.7_0.15_0.15_28000_6000_6000.mat' ;