task_id=2;
secs=3.292145e+00;
minutes=5.486908e-02;
hours=9.144847e-04;
iterations=28;
center=10;
data_set= '../../../common/data/data_h_gabor_0.7_0.15_0.15_28000_6000_6000.mat' ;