task_id=8;
center=66;
test_error_HBF1=1.098070e+01;
train_error_HBF1=1.075775e+01;
test_error_RBF=3.166989e-02;
train_error_RBF=3.081786e-02;