task_id=9;
center=76;
test_error_HBF1=6.170907e+00;
train_error_HBF1=6.239290e+00;
test_error_RBF=3.167467e-02;
train_error_RBF=3.081713e-02;