task_id=4;
center=29;
test_error_HBF1=4.118209e+00;
train_error_HBF1=4.267593e+00;
test_error_RBF=3.165991e-02;
train_error_RBF=3.082198e-02;