task_id=13;
center=114;
test_error_HBF1=7.178620e+00;
train_error_HBF1=7.514554e+00;
test_error_RBF=3.166027e-02;
train_error_RBF=3.078514e-02;