task_id=10;
center=85;
test_error_HBF1=1.155662e+01;
train_error_HBF1=1.128183e+01;
test_error_RBF=3.166623e-02;
train_error_RBF=3.081181e-02;