task_id=7;
center=57;
test_error_HBF1=5.862764e+00;
train_error_HBF1=5.921786e+00;
test_error_RBF=3.166185e-02;
train_error_RBF=3.082138e-02;