task_id=19;
center=170;
test_error_HBF1=5.660493e+00;
train_error_HBF1=5.836081e+00;
test_error_RBF=3.086633e-02;
train_error_RBF=2.995213e-02;