task_id=20;
center=180;
test_error_HBF1=1.520007e+01;
train_error_HBF1=1.525196e+01;
test_error_RBF=3.076801e-02;
train_error_RBF=2.976863e-02;