task_id=16;
center=142;
test_error_HBF1=7.453600e+00;
train_error_HBF1=7.332355e+00;
test_error_RBF=3.148066e-02;
train_error_RBF=3.054843e-02;