task_id=15;
center=132;
test_error_HBF1=8.907205e+00;
train_error_HBF1=8.956325e+00;
test_error_RBF=3.160549e-02;
train_error_RBF=3.070268e-02;