task_id=3;
center=19;
test_error_HBF1=1.787044e+00;
train_error_HBF1=1.808928e+00;
test_error_RBF=3.166039e-02;
train_error_RBF=3.082242e-02;