task_id=10;
secs=2.140171e+04;
minutes=3.566952e+02;
hours=5.944920e+00;
iterations=58800;
center=85;
data_set= '../../../common/data/data_h_gabor_0.7_0.15_0.15_28000_6000_6000.mat' ;