task_id=16;
secs=3.915934e+04;
minutes=6.526557e+02;
hours=1.087760e+01;
iterations=58800;
center=142;
data_set= '../../../common/data/data_h_gabor_0.7_0.15_0.15_28000_6000_6000.mat' ;