task_id=19;
secs=3.874142e+04;
minutes=6.456904e+02;
hours=1.076151e+01;
iterations=58800;
center=170;
data_set= '../../../common/data/data_h_gabor_0.7_0.15_0.15_28000_6000_6000.mat' ;