task_id=3;
secs=6.490111e+03;
minutes=1.081685e+02;
hours=1.802809e+00;
iterations=58800;
center=19;
data_set= '../../../common/data/data_h_gabor_0.7_0.15_0.15_28000_6000_6000.mat' ;