task_id=5;
secs=1.189863e+04;
minutes=1.983104e+02;
hours=3.305174e+00;
iterations=58800;
center=38;
data_set= '../../../common/data/data_h_gabor_0.7_0.15_0.15_28000_6000_6000.mat' ;