task_id=15;
secs=3.196668e+04;
minutes=5.327780e+02;
hours=8.879634e+00;
iterations=58800;
center=132;
data_set= '../../../common/data/data_h_gabor_0.7_0.15_0.15_28000_6000_6000.mat' ;