task_id=14;
center=123;
test_error_HBF1=1.605165e-01;
train_error_HBF1=1.638286e-01;
test_error_RBF=2.235369e-02;
train_error_RBF=2.144095e-02;