task_id=7;
center=57;
test_error_HBF1=1.215640e-01;
train_error_HBF1=1.143503e-01;
test_error_RBF=3.029238e-02;
train_error_RBF=2.918896e-02;