task_id=13;
center=114;
test_error_HBF1=1.409882e-01;
train_error_HBF1=1.406108e-01;
test_error_RBF=2.496320e-02;
train_error_RBF=2.323543e-02;