task_id=15;
secs=1.119277e+03;
minutes=1.865461e+01;
hours=3.109102e-01;
iterations=30800;
center=132;
data_set= '../../../common/data/data_h_gabor_0.7_0.15_0.15_28000_6000_6000.mat' ;