task_id=4;
secs=3.833359e+02;
minutes=6.388931e+00;
hours=1.064822e-01;
iterations=30800;
center=29;
data_set= '../../../common/data/data_h_gabor_0.7_0.15_0.15_28000_6000_6000.mat' ;