task_id=10;
secs=8.074171e+02;
minutes=1.345695e+01;
hours=2.242825e-01;
iterations=30800;
center=85;
data_set= '../../../common/data/data_h_gabor_0.7_0.15_0.15_28000_6000_6000.mat' ;