task_id=7;
secs=1.082926e+04;
minutes=1.804877e+02;
hours=3.008128e+00;
iterations=591312;
center=57;
data_set= '../../../common/data/data_h_gabor_0.7_0.15_0.15_28000_6000_6000.mat' ;