task_id=12;
secs=1.760955e+04;
minutes=2.934924e+02;
hours=4.891540e+00;
iterations=591312;
center=104;
data_set= '../../../common/data/data_h_gabor_0.7_0.15_0.15_28000_6000_6000.mat' ;