task_id=15;
secs=2.159810e+04;
minutes=3.599683e+02;
hours=5.999472e+00;
iterations=591312;
center=132;
data_set= '../../../common/data/data_h_gabor_0.7_0.15_0.15_28000_6000_6000.mat' ;