task_id=1;
secs=1.262279e+03;
minutes=2.103799e+01;
hours=3.506331e-01;
iterations=56000;
center=1;
data_set=../../../common/data/data_h_add_0.7_0.15_0.15_28000_6000_6000.mat;