task_id=6;
center=150;
test_error_HBF1=1.007365e+01;
train_error_HBF1=1.016406e+01;
test_error_RBF=2.474045e+01;
train_error_RBF=2.414850e+01;