task_id=4;
center=90;
test_error_HBF1=1.228521e+01;
train_error_HBF1=1.228728e+01;
test_error_RBF=1.310554e+02;
train_error_RBF=1.176989e+02;