task_id=5;
secs=2.295009e+05;
minutes=3.825014e+03;
hours=6.375024e+01;
iterations=154000;
center=120;
data_set= '../../../common/data/data_h_add_0.7_0.15_0.15_28000_6000_6000.mat' ;