task_id=3;
secs=1.344731e+05;
minutes=2.241219e+03;
hours=3.735365e+01;
iterations=154000;
center=60;
data_set= '../../../common/data/data_h_add_0.7_0.15_0.15_28000_6000_6000.mat' ;