task_id=1;
secs=1.125831e+04;
minutes=1.876385e+02;
hours=3.127309e+00;
iterations=154000;
center=1;
data_set= '../../../common/data/data_h_add_0.7_0.15_0.15_28000_6000_6000.mat' ;