task_id=1;
center=10;
test_error_HBF1=8.982456e+01;
train_error_HBF1=9.053361e+01;
test_error_RBF=8.902349e+01;
train_error_RBF=8.797185e+01;