task_id=1;
secs=6.459811e+01;
minutes=1.076635e+00;
hours=1.794392e-02;
iterations=50;
center=10;
data_set= '../../../common/data/data_MNIST_0.7_0.15_0.15_49000_10500_10500.mat' ;