task_id=15;
secs=4.883037e+04;
minutes=8.138395e+02;
hours=1.356399e+01;
iterations=58800;
center=180;
data_set= '../../../common/data/data_h_1_x2_y2_sinxy_0.7_0.15_0.15_28000_6000_6000.mat' ;