task_id=20;
center=180;
test_error_HBF1=1.523026e-01;
train_error_HBF1=1.519133e-01;
test_error_RBF=1.086519e-05;
train_error_RBF=8.335713e-06;