task_id=18;
center=161;
test_error_HBF1=1.730214e-01;
train_error_HBF1=1.769022e-01;
test_error_RBF=1.716324e-05;
train_error_RBF=1.474730e-05;