task_id=2;
center=10;
test_error_HBF1=4.245201e-01;
train_error_HBF1=4.225383e-01;
test_error_RBF=3.052163e-01;
train_error_RBF=3.084793e-01;