task_id=16;
center=142;
test_error_HBF1=1.799799e-01;
train_error_HBF1=1.839606e-01;
test_error_RBF=8.722455e-05;
train_error_RBF=8.524454e-05;