task_id=9;
center=76;
test_error_HBF1=4.286841e-01;
train_error_HBF1=4.292792e-01;
test_error_RBF=6.741307e-03;
train_error_RBF=6.470790e-03;