task_id=19;
secs=5.123659e+03;
minutes=8.539431e+01;
hours=1.423239e+00;
iterations=30800;
center=170;
data_set= '../../../common/data/data_h_sinxy_0.7_0.15_0.15_28000_6000_6000.mat' ;