task_id=9;
secs=2.348086e+03;
minutes=3.913477e+01;
hours=6.522462e-01;
iterations=30800;
center=76;
data_set= '../../../common/data/data_h_sinxy_0.7_0.15_0.15_28000_6000_6000.mat' ;