task_id=4;
secs=1.020262e+03;
minutes=1.700437e+01;
hours=2.834061e-01;
iterations=30800;
center=29;
data_set= '../../../common/data/data_h_sinxy_0.7_0.15_0.15_28000_6000_6000.mat' ;