task_id=20;
secs=5.368707e+03;
minutes=8.947845e+01;
hours=1.491308e+00;
iterations=30800;
center=180;
data_set= '../../../common/data/data_h_sinxy_0.7_0.15_0.15_28000_6000_6000.mat' ;