task_id=8;
center=66;
test_error_HBF1=1.014287e+01;
train_error_HBF1=1.017679e+01;
test_error_RBF=1.610832e-02;
train_error_RBF=1.573497e-02;