task_id=9;
center=76;
test_error_HBF1=8.517363e+00;
train_error_HBF1=8.611929e+00;
test_error_RBF=6.741307e-03;
train_error_RBF=6.470790e-03;