task_id=16;
center=142;
test_error_HBF1=1.255564e+01;
train_error_HBF1=1.237115e+01;
test_error_RBF=8.722455e-05;
train_error_RBF=8.524454e-05;