task_id=17;
center=151;
test_error_HBF1=1.335175e+01;
train_error_HBF1=1.364686e+01;
test_error_RBF=5.224035e-05;
train_error_RBF=4.644110e-05;