task_id=14;
center=123;
test_error_HBF1=1.001469e+01;
train_error_HBF1=9.988450e+00;
test_error_RBF=2.172113e-04;
train_error_RBF=2.100746e-04;