task_id=1;
center=30;
test_error_HBF1=4.883041e+02;
train_error_HBF1=4.806195e+02;
test_error_RBF=4.884802e+02;
train_error_RBF=4.800711e+02;