task_id=1;
center=10;
test_error_HBF1=4.883042e+02;
train_error_HBF1=4.806155e+02;
test_error_RBF=4.882965e+02;
train_error_RBF=4.805493e+02;