task_id=1;
secs=2.321719e-01;
minutes=3.869532e-03;
hours=6.449219e-05;
iterations=10;
center=10;
data_set= '../../../common/data/data_h_D10_x2sinx_0.7_0.15_0.15_28000_6000_6000.mat' ;