task_id=1;
secs=9.963661e-01;
minutes=1.660610e-02;
hours=2.767684e-04;
iterations=100;
center=30;
data_set= '../../../common/data/data_h_D10_x2sinx_0.7_0.15_0.15_28000_6000_6000.mat' ;