task_id=2;
center=27;
test_error_HBF1=1.000122e+00;
train_error_HBF1=1.000126e+00;
test_error_RBF=3.545644e-01;
train_error_RBF=3.496850e-01;