task_id=10;
center=234;
test_error_HBF1=1.000896e+00;
train_error_HBF1=1.000914e+00;
test_error_RBF=1.454952e-01;
train_error_RBF=1.362522e-01;