task_id=25;
center=621;
test_error_HBF1=1.004273e+00;
train_error_HBF1=1.004349e+00;
test_error_RBF=8.950201e-02;
train_error_RBF=7.494172e-02;