task_id=14;
center=337;
test_error_HBF1=1.001519e+00;
train_error_HBF1=1.001535e+00;
test_error_RBF=1.206365e-01;
train_error_RBF=1.132982e-01;