task_id=27;
center=672;
test_error_HBF1=1.002084e+00;
train_error_HBF1=1.002135e+00;
test_error_RBF=9.220732e-02;
train_error_RBF=7.662477e-02;