task_id=7;
center=156;
test_error_HBF1=1.000609e+00;
train_error_HBF1=1.000630e+00;
test_error_RBF=1.746824e-01;
train_error_RBF=1.682665e-01;