task_id=3;
center=53;
test_error_HBF1=1.000141e+00;
train_error_HBF1=1.000145e+00;
test_error_RBF=2.692532e-01;
train_error_RBF=2.702371e-01;