task_id=26;
center=646;
test_error_HBF1=1.002784e+00;
train_error_HBF1=1.002837e+00;
test_error_RBF=9.267972e-02;
train_error_RBF=7.647208e-02;