task_id=22;
center=543;
test_error_HBF1=1.002663e+00;
train_error_HBF1=1.002741e+00;
test_error_RBF=9.806370e-02;
train_error_RBF=8.228172e-02;