task_id=24;
center=595;
test_error_HBF1=1.004060e+00;
train_error_HBF1=1.004199e+00;
test_error_RBF=9.516327e-02;
train_error_RBF=7.987905e-02;