task_id=4;
center=79;
test_error_HBF1=1.000182e+00;
train_error_HBF1=1.000184e+00;
test_error_RBF=2.421256e-01;
train_error_RBF=2.396332e-01;