task_id=29;
center=724;
test_error_HBF1=1.006302e+00;
train_error_HBF1=1.006432e+00;
test_error_RBF=8.505084e-02;
train_error_RBF=6.840694e-02;