task_id=17;
center=414;
test_error_HBF1=1.000538e+00;
train_error_HBF1=1.000551e+00;
test_error_RBF=1.178043e-01;
train_error_RBF=1.063998e-01;