task_id=20;
secs=5.223714e+04;
minutes=8.706189e+02;
hours=1.451032e+01;
iterations=42000;
center=180;
data_set= '../../../common/data/data_h_add_0.7_0.15_0.15_28000_6000_6000.mat' ;