task_id=19;
secs=3.541478e+04;
minutes=5.902464e+02;
hours=9.837440e+00;
iterations=42000;
center=170;
data_set= '../../../common/data/data_h_add_0.7_0.15_0.15_28000_6000_6000.mat' ;