center=672;
test_error=1.003846e+00;
train_errorcenter=1.004059e+00;