center=543;
test_error=1.002478e+00;
train_errorcenter=1.002453e+00;