center=259;
test_error=1.000946e+00;
train_errorcenter=1.000935e+00;