task_id=7;
center=57;
test_error_HBF1=1.021096e+00;
train_error_HBF1=9.646445e-01;
test_error_RBF=3.029238e-02;
train_error_RBF=2.918896e-02;