task_id=3;
center=19;
test_error_HBF1=5.245007e-01;
train_error_HBF1=5.174546e-01;
test_error_RBF=3.108869e-02;
train_error_RBF=3.010778e-02;