task_id=15;
center=132;
test_error_HBF1=2.140875e+00;
train_error_HBF1=2.148030e+00;
test_error_RBF=2.826596e-02;
train_error_RBF=2.668853e-02;