task_id=1;
secs=2.132552e+02;
minutes=3.554254e+00;
hours=5.923756e-02;
iterations=30800;
center=1;
data_set= '../../../common/data/data_h_gabor_0.7_0.15_0.15_28000_6000_6000.mat' ;