task_id=5;
secs=4.512035e+02;
minutes=7.520058e+00;
hours=1.253343e-01;
iterations=30800;
center=38;
data_set= '../../../common/data/data_h_gabor_0.7_0.15_0.15_28000_6000_6000.mat' ;