task_id=13;
center=114;
test_error_HBF1=5.550886e-03;
train_error_HBF1=5.859367e-03;
test_error_RBF=1.249011e-03;
train_error_RBF=1.417392e-03;