task_id=9;
center=76;
test_error_HBF1=1.491869e-02;
train_error_HBF1=1.506743e-02;
test_error_RBF=1.990990e-03;
train_error_RBF=2.196871e-03;