task_id=18;
center=161;
test_error_HBF1=6.048056e-03;
train_error_HBF1=6.337718e-03;
test_error_RBF=9.921457e-04;
train_error_RBF=1.137513e-03;