task_id=17;
center=151;
test_error_HBF1=6.162941e-03;
train_error_HBF1=6.573888e-03;
test_error_RBF=1.028906e-03;
train_error_RBF=1.175888e-03;