task_id=6;
center=48;
test_error_HBF1=3.261058e-02;
train_error_HBF1=3.198237e-02;
test_error_RBF=3.574332e-03;
train_error_RBF=3.897202e-03;