task_id=11;
center=95;
test_error_HBF1=9.473810e-03;
train_error_HBF1=9.947602e-03;
test_error_RBF=1.549210e-03;
train_error_RBF=1.756208e-03;