task_id=12;
center=104;
test_error_HBF1=5.032622e-03;
train_error_HBF1=5.423282e-03;
test_error_RBF=1.419461e-03;
train_error_RBF=1.612584e-03;