task_id=13;
secs=3.723573e+04;
minutes=6.205954e+02;
hours=1.034326e+01;
iterations=58800;
center=114;
data_set= '../../../common/data/data_h_1_x2_y2_sinxy_0.7_0.15_0.15_28000_6000_6000.mat' ;