task_id=9;
secs=2.173608e+04;
minutes=3.622679e+02;
hours=6.037799e+00;
iterations=58800;
center=76;
data_set= '../../../common/data/data_h_1_x2_y2_sinxy_0.7_0.15_0.15_28000_6000_6000.mat' ;