task_id=10;
center=85;
test_error_HBF1=2.034497e+01;
train_error_HBF1=2.050314e+01;
test_error_RBF=1.449805e+02;
train_error_RBF=1.424309e+02;