task_id=6;
center=48;
test_error_HBF1=4.853938e+01;
train_error_HBF1=4.800516e+01;
test_error_RBF=8.652785e+02;
train_error_RBF=9.058588e+02;