task_id=18;
secs=5.778471e+03;
minutes=9.630785e+01;
hours=1.605131e+00;
iterations=42000;
center=161;
data_set= '../../../common/data/data_h_add_0.7_0.15_0.15_28000_6000_6000.mat' ;