task_id=13;
secs=4.360240e+03;
minutes=7.267067e+01;
hours=1.211178e+00;
iterations=42000;
center=114;
data_set= '../../../common/data/data_h_add_0.7_0.15_0.15_28000_6000_6000.mat' ;