task_id=5;
secs=1.980932e+03;
minutes=3.301553e+01;
hours=5.502588e-01;
iterations=42000;
center=38;
data_set= '../../../common/data/data_h_add_0.7_0.15_0.15_28000_6000_6000.mat' ;