task_id=11;
secs=3.797452e+03;
minutes=6.329087e+01;
hours=1.054848e+00;
iterations=42000;
center=95;
data_set= '../../../common/data/data_h_add_0.7_0.15_0.15_28000_6000_6000.mat' ;