task_id=6;
secs=2.332415e+03;
minutes=3.887359e+01;
hours=6.478932e-01;
iterations=42000;
center=48;
data_set= '../../../common/data/data_h_add_0.7_0.15_0.15_28000_6000_6000.mat' ;