task_id=16;
secs=5.195865e+03;
minutes=8.659774e+01;
hours=1.443296e+00;
iterations=42000;
center=142;
data_set= '../../../common/data/data_h_add_0.7_0.15_0.15_28000_6000_6000.mat' ;