task_id=19;
secs=8.898593e+03;
minutes=1.483099e+02;
hours=2.471831e+00;
iterations=42000;
center=170;
data_set= '../../../common/data/data_h_add_0.7_0.15_0.15_28000_6000_6000.mat' ;