task_id=14;
center=123;
test_error_HBF1=6.201575e-02;
train_error_HBF1=6.024649e-02;
test_error_RBF=1.978738e-02;
train_error_RBF=1.897185e-02;