task_id=10;
center=85;
test_error_HBF1=5.475877e-02;
train_error_HBF1=5.400641e-02;
test_error_RBF=2.818876e-02;
train_error_RBF=2.657390e-02;