task_id=17;
center=151;
test_error_HBF1=7.137204e-02;
train_error_HBF1=7.054378e-02;
test_error_RBF=1.989918e-02;
train_error_RBF=1.893286e-02;