task_id=16;
center=142;
test_error_HBF1=7.364124e-02;
train_error_HBF1=7.249808e-02;
test_error_RBF=2.153347e-02;
train_error_RBF=2.103766e-02;