task_id=11;
center=95;
test_error_HBF1=5.846904e-02;
train_error_HBF1=5.729123e-02;
test_error_RBF=2.742047e-02;
train_error_RBF=2.639583e-02;