task_id=2;
center=10;
test_error_HBF1=3.484985e-02;
train_error_HBF1=3.384242e-02;
test_error_RBF=3.156822e-02;
train_error_RBF=3.080273e-02;