task_id=1;
secs=2.024627e+03;
minutes=3.374379e+01;
hours=5.623965e-01;
iterations=30800;
center=1;
data_set= '../../../common/data/data_h_gabor_0.7_0.15_0.15_28000_6000_6000.mat' ;