task_id=15;
secs=7.606822e+03;
minutes=1.267804e+02;
hours=2.113006e+00;
iterations=30800;
center=132;
data_set= '../../../common/data/data_h_gabor_0.7_0.15_0.15_28000_6000_6000.mat' ;