task_id=3;
secs=3.491784e+03;
minutes=5.819641e+01;
hours=9.699401e-01;
iterations=30800;
center=19;
data_set= '../../../common/data/data_h_gabor_0.7_0.15_0.15_28000_6000_6000.mat' ;