task_id=19;
secs=9.131907e+03;
minutes=1.521985e+02;
hours=2.536641e+00;
iterations=30800;
center=170;
data_set= '../../../common/data/data_h_gabor_0.7_0.15_0.15_28000_6000_6000.mat' ;