task_id=10;
center=85;
test_error_HBF1=3.108216e-02;
train_error_HBF1=3.061647e-02;
test_error_RBF=2.461133e-02;
train_error_RBF=2.383654e-02;