task_id=6;
center=48;
test_error_HBF1=3.152355e-02;
train_error_HBF1=3.065444e-02;
test_error_RBF=3.084517e-02;
train_error_RBF=3.023226e-02;