task_id=11;
center=95;
test_error_HBF1=3.196526e-02;
train_error_HBF1=3.137074e-02;
test_error_RBF=2.323620e-02;
train_error_RBF=2.219364e-02;