task_id=17;
center=151;
test_error_HBF1=3.151272e-02;
train_error_HBF1=3.097415e-02;
test_error_RBF=2.361593e-02;
train_error_RBF=2.312624e-02;