task_id=20;
center=180;
test_error_HBF1=3.196842e-02;
train_error_HBF1=3.161435e-02;
test_error_RBF=1.478818e-02;
train_error_RBF=1.467761e-02;