task_id=12;
secs=9.575991e+03;
minutes=1.595999e+02;
hours=2.659998e+00;
iterations=30800;
center=104;
data_set= '../../../common/data/data_h_gabor_0.7_0.15_0.15_28000_6000_6000.mat' ;