task_id=10;
secs=8.194555e+03;
minutes=1.365759e+02;
hours=2.276265e+00;
iterations=30800;
center=85;
data_set= '../../../common/data/data_h_gabor_0.7_0.15_0.15_28000_6000_6000.mat' ;