task_id=5;
secs=4.359025e+03;
minutes=7.265041e+01;
hours=1.210840e+00;
iterations=30800;
center=38;
data_set= '../../../common/data/data_h_gabor_0.7_0.15_0.15_28000_6000_6000.mat' ;