task_id=19;
secs=4.080910e+04;
minutes=6.801517e+02;
hours=1.133586e+01;
iterations=58800;
center=180;
data_set= '../../../common/data/data_h_1_x2_y2_sinxy_0.7_0.15_0.15_28000_6000_6000.mat' ;