task_id=16;
secs=4.102050e+04;
minutes=6.836750e+02;
hours=1.139458e+01;
iterations=58800;
center=180;
data_set= '../../../common/data/data_h_1_x2_y2_sinxy_0.7_0.15_0.15_28000_6000_6000.mat' ;