center=208;
test_error=1.000965e+00;
train_errorcenter=1.000986e+00;