task_id=11;
center=259;
test_error_HBF1=1.001379e+00;
train_error_HBF1=1.001389e+00;
test_error_RBF=1.698225e-01;
train_error_RBF=1.119972e-01;