task_id=20;
center=492;
test_error_HBF1=1.002648e+00;
train_error_HBF1=1.002623e+00;
test_error_RBF=1.290720e-01;
train_error_RBF=5.725184e-02;