task_id=23;
center=569;
test_error_HBF1=1.001660e+00;
train_error_HBF1=1.001673e+00;
test_error_RBF=1.319529e-01;
train_error_RBF=4.471033e-02;