task_id=3;
secs=1.078695e+03;
minutes=1.797825e+01;
hours=2.996374e-01;
iterations=10500;
center=53;