task_id=13;
secs=4.371381e+03;
minutes=7.285634e+01;
hours=1.214272e+00;
iterations=10500;
center=311;