task_id=1;
secs=1.567830e+02;
minutes=2.613050e+00;
hours=4.355083e-02;
iterations=10500;
center=2;