task_id=10;
center=250;
test_error_HBF1=5.589403e+01;
train_error_HBF1=5.590655e+01;
test_error_RBF=1.611457e+00;
train_error_RBF=1.629712e+00;
