task_id=9;
center=222;
test_error_HBF1=5.720933e+01;
train_error_HBF1=5.706728e+01;
test_error_RBF=2.027087e+00;
train_error_RBF=2.054299e+00;
