task_id=3;
center=56;
test_error_HBF1=5.380132e+01;
train_error_HBF1=5.378497e+01;
test_error_RBF=1.061874e+01;
train_error_RBF=1.090745e+01;
