task_id=7;
center=167;
test_error_HBF1=5.604594e+01;
train_error_HBF1=5.600081e+01;
test_error_RBF=3.132392e+00;
train_error_RBF=3.186462e+00;
