task_id=8;
center=194;
test_error_HBF1=5.618775e+01;
train_error_HBF1=5.592547e+01;
test_error_RBF=2.550420e+00;
train_error_RBF=2.592600e+00;
