task_id=6;
center=139;
test_error_HBF1=5.474371e+01;
train_error_HBF1=5.480842e+01;
test_error_RBF=4.003226e+00;
train_error_RBF=4.078614e+00;
