task_id=5;
center=111;
test_error_HBF1=5.417477e+01;
train_error_HBF1=5.416067e+01;
test_error_RBF=5.183965e+00;
train_error_RBF=5.305945e+00;
