task_id=4;
center=84;
test_error_HBF1=5.460736e+01;
train_error_HBF1=5.452762e+01;
test_error_RBF=7.041233e+00;
train_error_RBF=7.218116e+00;
