task_id=2;
center=28;
test_error_HBF1=5.313446e+01;
train_error_HBF1=5.322298e+01;
test_error_RBF=1.919327e+01;
train_error_RBF=1.945880e+01;
