task_id=7;
secs=3.196991e+04;
minutes=5.328319e+02;
hours=8.880532e+00;
iterations=129360;
center=167;
data_set= '../../../common/data/data_MNIST_0.7_0.15_0.15_49000_10500_10500.mat' ;