task_id=2;
secs=1.838120e+04;
minutes=3.063534e+02;
hours=5.105890e+00;
iterations=129360;
center=28;
data_set= '../../../common/data/data_MNIST_0.7_0.15_0.15_49000_10500_10500.mat' ;