task_id=1;
center=140;
test_error_HBF1=4.965978e+02;
train_error_HBF1=4.970077e+02;
test_error_RBF=8.569078e-05;
train_error_RBF=8.517525e-05;