task_id=4;
center=84;
test_error_HBF1=8.717637e+01;
train_error_HBF1=8.609476e+01;
test_error_RBF=8.897268e+01;
train_error_RBF=8.780102e+01;