task_id=2;
center=28;
test_error_HBF1=8.800664e+01;
train_error_HBF1=8.700555e+01;
test_error_RBF=8.912449e+01;
train_error_RBF=8.802564e+01;