task_id=3;
center=56;
test_error_HBF1=8.807038e+01;
train_error_HBF1=8.702797e+01;
test_error_RBF=8.911598e+01;
train_error_RBF=8.793886e+01;