task_id=8;
center=194;
test_error_HBF1=8.642947e+01;
train_error_HBF1=8.516233e+01;
test_error_RBF=8.840082e+01;
train_error_RBF=8.713973e+01;