task_id=10;
center=250;
test_error_HBF1=8.652217e+01;
train_error_HBF1=8.526111e+01;
test_error_RBF=8.823949e+01;
train_error_RBF=8.705572e+01;