task_id=7;
center=167;
test_error_HBF1=8.651865e+01;
train_error_HBF1=8.534595e+01;
test_error_RBF=8.856521e+01;
train_error_RBF=8.737511e+01;