task_id=6;
center=139;
test_error_HBF1=8.650002e+01;
train_error_HBF1=8.537242e+01;
test_error_RBF=8.829746e+01;
train_error_RBF=8.727896e+01;