task_id=5;
center=111;
test_error_HBF1=8.704290e+01;
train_error_HBF1=8.591089e+01;
test_error_RBF=8.837693e+01;
train_error_RBF=8.736867e+01;