task_id=9;
center=222;
test_error_HBF1=8.642815e+01;
train_error_HBF1=8.517234e+01;
test_error_RBF=8.837063e+01;
train_error_RBF=8.703871e+01;