task_id=10;
secs=2.314771e+04;
minutes=3.857952e+02;
hours=6.429920e+00;
iterations=129360;
center=250;
data_set= '../../../common/data/data_MNIST_0.7_0.15_0.15_49000_10500_10500.mat' ;