task_id=8;
secs=2.046306e+04;
minutes=3.410509e+02;
hours=5.684182e+00;
iterations=129360;
center=194;
data_set= '../../../common/data/data_MNIST_0.7_0.15_0.15_49000_10500_10500.mat' ;