task_id=1;
secs=7.980032e+03;
minutes=1.330005e+02;
hours=2.216676e+00;
iterations=129360;
center=1;
data_set= '../../../common/data/data_MNIST_0.7_0.15_0.15_49000_10500_10500.mat' ;