task_id=3;
secs=1.119026e+04;
minutes=1.865044e+02;
hours=3.108407e+00;
iterations=129360;
center=56;
data_set= '../../../common/data/data_MNIST_0.7_0.15_0.15_49000_10500_10500.mat' ;