task_id=2;
secs=9.796620e+03;
minutes=1.632770e+02;
hours=2.721283e+00;
iterations=129360;
center=28;
data_set= '../../../common/data/data_MNIST_0.7_0.15_0.15_49000_10500_10500.mat' ;