task_id=2;
center=60;
test_error_HBF1=3.455886e+01;
train_error_HBF1=3.335144e+01;
test_error_RBF=3.583975e+02;
train_error_RBF=3.529186e+02;