task_id=4;
center=180;
test_error_HBF1=1.331947e+01;
train_error_HBF1=1.320583e+01;
test_error_RBF=1.431902e+01;
train_error_RBF=1.389929e+01;