task_id=2;
secs=1.640627e+04;
minutes=2.734378e+02;
hours=4.557296e+00;
iterations=42000;
center=60;
data_set= '../../../common/data/data_h_add_0.7_0.15_0.15_28000_6000_6000.mat' ;