task_id=1;
secs=5.722720e+01;
minutes=9.537867e-01;
hours=1.589644e-02;
iterations=1110;
center=140;
data_set= '../../../common/data/data_h_gabor_0.7_0.15_0.15_28000_6000_6000.mat' ;