task_id=7;
center=27;
test_error_HBF1=1.121089e+00;
train_error_HBF1=1.213763e+00;
test_error_RBF=2.531498e-01;
train_error_RBF=2.362501e-01;