task_id=4;
center=14;
test_error_HBF1=1.074582e+00;
train_error_HBF1=1.196758e+00;
test_error_RBF=3.561129e-01;
train_error_RBF=3.373658e-01;