task_id=10;
center=85;
test_error_HBF1=1.628032e+00;
train_error_HBF1=1.674612e+00;
test_error_RBF=2.785205e-02;
train_error_RBF=2.640143e-02;