task_id=5;
center=38;
test_error_HBF1=5.942684e-01;
train_error_HBF1=6.038922e-01;
test_error_RBF=3.021030e-02;
train_error_RBF=2.954254e-02;