task_id=4;
center=29;
test_error_HBF1=5.966425e-01;
train_error_HBF1=6.122619e-01;
test_error_RBF=3.136425e-02;
train_error_RBF=3.041630e-02;