task_id=17;
center=151;
test_error_HBF1=1.788112e+00;
train_error_HBF1=1.794225e+00;
test_error_RBF=1.984481e-02;
train_error_RBF=1.978002e-02;