task_id=2;
center=10;
test_error_HBF1=2.488885e-01;
train_error_HBF1=2.553014e-01;
test_error_RBF=3.162748e-02;
train_error_RBF=3.082905e-02;