task_id=2;
secs=2.731500e+02;
minutes=4.552500e+00;
hours=7.587501e-02;
iterations=30800;
center=10;
data_set= '../../../common/data/data_h_gabor_0.7_0.15_0.15_28000_6000_6000.mat' ;