task_id=1;
center=140;
test_error_HBF1=1.012744e+02;
train_error_HBF1=9.906655e+01;
test_error_RBF=3.146825e-02;
train_error_RBF=3.056759e-02;