task_id=4;
center=166;
test_error_HBF1=2.122671e-01;
train_error_HBF1=2.197395e-01;
test_error_RBF=5.707628e-02;
train_error_RBF=5.940998e-02;