task_id=3;
center=111;
test_error_HBF1=1.998583e-01;
train_error_HBF1=2.071850e-01;
test_error_RBF=7.987928e-02;
train_error_RBF=8.336278e-02;