task_id=2;
secs=8.419360e+04;
minutes=1.403227e+03;
hours=2.338711e+01;
iterations=36750;
center=56;
data_set= '../../../common/data/data_MNIST_0.7_0.15_0.15_49000_10500_10500.mat' ;