task_id=1;
secs=6.225375e+04;
minutes=1.037563e+03;
hours=1.729271e+01;
iterations=36750;
center=1;
data_set= '../../../common/data/data_MNIST_0.7_0.15_0.15_49000_10500_10500.mat' ;