task_id=2;
center=60;
test_error_HBF1=7.383957e+02;
train_error_HBF1=7.384193e+02;
test_error_RBF=4.593721e+03;
train_error_RBF=4.496978e+03;