task_id=3;
secs=3.726324e+03;
minutes=6.210539e+01;
hours=1.035090e+00;
iterations=30800;
center=120;
data_set= '../../../common/data/data_h_add_0.7_0.15_0.15_28000_6000_6000.mat' ;