task_id=4;
center=29;
test_error_HBF1=2.620539e-02;
train_error_HBF1=2.500016e-02;
test_error_RBF=2.903174e-02;
train_error_RBF=2.832424e-02;