task_id=6;
center=48;
test_error_HBF1=2.552832e-02;
train_error_HBF1=2.486252e-02;
test_error_RBF=2.787626e-02;
train_error_RBF=2.727638e-02;