task_id=5;
center=38;
test_error_HBF1=2.542193e-02;
train_error_HBF1=2.507066e-02;
test_error_RBF=3.030948e-02;
train_error_RBF=2.908312e-02;