task_id=2;
center=10;
test_error_HBF1=2.740124e-02;
train_error_HBF1=2.706275e-02;
test_error_RBF=3.081346e-02;
train_error_RBF=2.993367e-02;