task_id=3;
center=19;
test_error_HBF1=2.634315e-02;
train_error_HBF1=2.511922e-02;
test_error_RBF=2.894894e-02;
train_error_RBF=2.770089e-02;