task_id=6;
secs=3.135141e+03;
minutes=5.225235e+01;
hours=8.708726e-01;
iterations=40001;
center=48;
data_set= '../../../common/data/data_h_gabor_0.7_0.15_0.15_28000_6000_6000.mat' ;