task_id=3;
secs=1.969723e+03;
minutes=3.282871e+01;
hours=5.471451e-01;
iterations=40001;
center=19;
data_set= '../../../common/data/data_h_gabor_0.7_0.15_0.15_28000_6000_6000.mat' ;