task_id=1;
secs=1.248124e+03;
minutes=2.080207e+01;
hours=3.467011e-01;
iterations=40001;
center=1;
data_set= '../../../common/data/data_h_gabor_0.7_0.15_0.15_28000_6000_6000.mat' ;