task_id=3;
center=56;
test_error_HBF1=8.702487e+01;
train_error_HBF1=8.596783e+01;
test_error_RBF=8.856073e+01;
train_error_RBF=8.757995e+01;