task_id=8;
center=194;
test_error_HBF1=8.663174e+01;
train_error_HBF1=8.550962e+01;
test_error_RBF=8.861052e+01;
train_error_RBF=8.733669e+01;