task_id=6;
center=139;
test_error_HBF1=8.679069e+01;
train_error_HBF1=8.570718e+01;
test_error_RBF=8.856376e+01;
train_error_RBF=8.741459e+01;