task_id=5;
center=111;
test_error_HBF1=8.714143e+01;
train_error_HBF1=8.608446e+01;
test_error_RBF=8.859052e+01;
train_error_RBF=8.746492e+01;