task_id=9;
center=222;
test_error_HBF1=8.642886e+01;
train_error_HBF1=8.528032e+01;
test_error_RBF=8.833817e+01;
train_error_RBF=8.712460e+01;