task_id=7;
center=167;
test_error_HBF1=8.641538e+01;
train_error_HBF1=8.529352e+01;
test_error_RBF=8.807851e+01;
train_error_RBF=8.695519e+01;