task_id=4;
center=84;
test_error_HBF1=8.781771e+01;
train_error_HBF1=8.674396e+01;
test_error_RBF=8.905552e+01;
train_error_RBF=8.785599e+01;