task_id=2;
center=28;
test_error_HBF1=8.885363e+01;
train_error_HBF1=8.778757e+01;
test_error_RBF=8.906006e+01;
train_error_RBF=8.796166e+01;