task_id=10;
center=250;
test_error_HBF1=8.620810e+01;
train_error_HBF1=8.501429e+01;
test_error_RBF=8.798029e+01;
train_error_RBF=8.679764e+01;