task_id=6;
secs=3.285941e+04;
minutes=5.476568e+02;
hours=9.127613e+00;
iterations=112700;
center=139;
data_set= '../../../common/data/data_MNIST_0.7_0.15_0.15_49000_10500_10500.mat' ;