task_id=3;
secs=2.021109e+04;
minutes=3.368515e+02;
hours=5.614191e+00;
iterations=112700;
center=56;
data_set= '../../../common/data/data_MNIST_0.7_0.15_0.15_49000_10500_10500.mat' ;