task_id=8;
secs=3.958225e+04;
minutes=6.597041e+02;
hours=1.099507e+01;
iterations=112700;
center=194;
data_set= '../../../common/data/data_MNIST_0.7_0.15_0.15_49000_10500_10500.mat' ;