task_id=5;
secs=2.761343e+04;
minutes=4.602239e+02;
hours=7.670398e+00;
iterations=112700;
center=111;
data_set= '../../../common/data/data_MNIST_0.7_0.15_0.15_49000_10500_10500.mat' ;