task_id=7;
secs=3.593602e+04;
minutes=5.989336e+02;
hours=9.982227e+00;
iterations=112700;
center=167;
data_set= '../../../common/data/data_MNIST_0.7_0.15_0.15_49000_10500_10500.mat' ;