task_id=9;
secs=4.094478e+04;
minutes=6.824131e+02;
hours=1.137355e+01;
iterations=112700;
center=222;
data_set= '../../../common/data/data_MNIST_0.7_0.15_0.15_49000_10500_10500.mat' ;