task_id=10;
secs=2.014278e+04;
minutes=3.357131e+02;
hours=5.595218e+00;
iterations=112700;
center=250;
data_set= '../../../common/data/data_MNIST_0.7_0.15_0.15_49000_10500_10500.mat' ;