task_id=4;
secs=2.416308e+04;
minutes=4.027180e+02;
hours=6.711967e+00;
iterations=112700;
center=84;
data_set= '../../../common/data/data_MNIST_0.7_0.15_0.15_49000_10500_10500.mat' ;