task_id=2;
secs=1.637284e+04;
minutes=2.728807e+02;
hours=4.548011e+00;
iterations=112700;
center=28;
data_set= '../../../common/data/data_MNIST_0.7_0.15_0.15_49000_10500_10500.mat' ;