task_id=1;
secs=1.271568e+04;
minutes=2.119281e+02;
hours=3.532134e+00;
iterations=112700;
center=1;
data_set= '../../../common/data/data_MNIST_0.7_0.15_0.15_49000_10500_10500.mat' ;