task_id=4;
center=14;
test_error_HBF1=8.324994e-01;
train_error_HBF1=8.302305e-01;
test_error_RBF=3.594549e-01;
train_error_RBF=3.472645e-01;