task_id=5;
center=18;
test_error_HBF1=8.278285e-01;
train_error_HBF1=8.252699e-01;
test_error_RBF=3.141261e-01;
train_error_RBF=3.031165e-01;