task_id=4;
center=29;
test_error_HBF1=4.650339e+02;
train_error_HBF1=4.627300e+02;
test_error_RBF=8.624410e+02;
train_error_RBF=8.633634e+02;