task_id=2;
center=10;
test_error_HBF1=2.230656e+03;
train_error_HBF1=2.161122e+03;
test_error_RBF=2.902007e+03;
train_error_RBF=2.738086e+03;