task_id=9;
center=76;
test_error_HBF1=5.858890e+01;
train_error_HBF1=5.685427e+01;
test_error_RBF=4.353330e+02;
train_error_RBF=4.253794e+02;