task_id=5;
center=38;
test_error_HBF1=3.355324e+02;
train_error_HBF1=3.350673e+02;
test_error_RBF=7.008588e+02;
train_error_RBF=7.485660e+02;