task_id=19;
center=170;
test_error_HBF1=2.753233e+01;
train_error_HBF1=2.627968e+01;
test_error_RBF=4.099881e+01;
train_error_RBF=4.003410e+01;