task_id=6;
center=48;
test_error_HBF1=2.088053e+02;
train_error_HBF1=2.021259e+02;
test_error_RBF=4.504031e+02;
train_error_RBF=4.314543e+02;