task_id=15;
center=132;
test_error_HBF1=3.310599e+01;
train_error_HBF1=3.219833e+01;
test_error_RBF=3.917241e+01;
train_error_RBF=3.699724e+01;