task_id=18;
center=161;
test_error_HBF1=2.645051e+01;
train_error_HBF1=2.534575e+01;
test_error_RBF=4.015799e+01;
train_error_RBF=3.182031e+01;