task_id=14;
center=123;
test_error_HBF1=3.100937e+01;
train_error_HBF1=3.045407e+01;
test_error_RBF=5.654683e+01;
train_error_RBF=5.828076e+01;