task_id=17;
center=151;
test_error_HBF1=2.801081e+01;
train_error_HBF1=2.697610e+01;
test_error_RBF=1.990773e+01;
train_error_RBF=1.967058e+01;