task_id=13;
center=114;
test_error_HBF1=3.550263e+01;
train_error_HBF1=3.416115e+01;
test_error_RBF=6.652391e+01;
train_error_RBF=6.699921e+01;