task_id=16;
center=142;
test_error_HBF1=3.048718e+01;
train_error_HBF1=2.902452e+01;
test_error_RBF=2.168527e+01;
train_error_RBF=2.157732e+01;