task_id=7;
center=57;
test_error_HBF1=1.040328e+02;
train_error_HBF1=1.016407e+02;
test_error_RBF=4.071599e+02;
train_error_RBF=4.096695e+02;