task_id=12;
center=104;
test_error_HBF1=4.617211e+01;
train_error_HBF1=4.410512e+01;
test_error_RBF=7.102011e+01;
train_error_RBF=7.359757e+01;