task_id=20;
center=180;
test_error_HBF1=2.239449e+01;
train_error_HBF1=2.164117e+01;
test_error_RBF=3.303125e+01;
train_error_RBF=3.329431e+01;