task_id=10;
center=85;
test_error_HBF1=4.069155e+01;
train_error_HBF1=3.955012e+01;
test_error_RBF=1.449805e+02;
train_error_RBF=1.424309e+02;