task_id=8;
center=66;
test_error_HBF1=7.833441e+01;
train_error_HBF1=7.606819e+01;
test_error_RBF=2.839566e+02;
train_error_RBF=2.806618e+02;