task_id=17;
secs=2.138111e+03;
minutes=3.563518e+01;
hours=5.939197e-01;
iterations=15000;
center=151;
data_set= '../../../common/data/data_h_add_0.7_0.15_0.15_28000_6000_6000.mat' ;