task_id=9;
secs=9.128578e+02;
minutes=1.521430e+01;
hours=2.535716e-01;
iterations=15000;
center=76;
data_set= '../../../common/data/data_h_add_0.7_0.15_0.15_28000_6000_6000.mat' ;