task_id=8;
secs=7.980025e+02;
minutes=1.330004e+01;
hours=2.216674e-01;
iterations=15000;
center=66;
data_set= '../../../common/data/data_h_add_0.7_0.15_0.15_28000_6000_6000.mat' ;