task_id=4;
secs=3.983048e+02;
minutes=6.638413e+00;
hours=1.106402e-01;
iterations=15000;
center=29;
data_set= '../../../common/data/data_h_add_0.7_0.15_0.15_28000_6000_6000.mat' ;