task_id=1;
secs=4.762777e+01;
minutes=7.937962e-01;
hours=1.322994e-02;
iterations=15000;
center=1;
data_set= '../../../common/data/data_h_add_0.7_0.15_0.15_28000_6000_6000.mat' ;