task_id=3;
secs=2.771499e+02;
minutes=4.619166e+00;
hours=7.698610e-02;
iterations=15000;
center=19;
data_set= '../../../common/data/data_h_add_0.7_0.15_0.15_28000_6000_6000.mat' ;