task_id=5;
secs=5.106882e+02;
minutes=8.511469e+00;
hours=1.418578e-01;
iterations=15000;
center=38;
data_set= '../../../common/data/data_h_add_0.7_0.15_0.15_28000_6000_6000.mat' ;