task_id=2;
secs=1.733422e+02;
minutes=2.889036e+00;
hours=4.815060e-02;
iterations=15000;
center=10;
data_set= '../../../common/data/data_h_add_0.7_0.15_0.15_28000_6000_6000.mat' ;