task_id=20;
secs=2.395402e+03;
minutes=3.992337e+01;
hours=6.653896e-01;
iterations=15000;
center=180;
data_set= '../../../common/data/data_h_add_0.7_0.15_0.15_28000_6000_6000.mat' ;