task_id=16;
secs=1.484284e+03;
minutes=2.473807e+01;
hours=4.123012e-01;
iterations=15000;
center=142;
data_set= '../../../common/data/data_h_add_0.7_0.15_0.15_28000_6000_6000.mat' ;