task_id=1;
center=250;
test_error_HBF1=8.629936e+01;
train_error_HBF1=8.491444e+01;
test_error_RBF=8.830622e+01;
train_error_RBF=8.704713e+01;