task_id=7;
center=57;
test_error_HBF1=3.391272e-02;
train_error_HBF1=3.386315e-02;
test_error_RBF=2.796479e-03;
train_error_RBF=3.076869e-03;