task_id=14;
center=123;
test_error_HBF1=3.299162e-02;
train_error_HBF1=3.250155e-02;
test_error_RBF=1.257942e-03;
train_error_RBF=1.439481e-03;