task_id=6;
center=48;
test_error_HBF1=3.286168e-02;
train_error_HBF1=3.216957e-02;
test_error_RBF=3.310667e-03;
train_error_RBF=3.656779e-03;