task_id=15;
center=132;
test_error_HBF1=9.282552e-03;
train_error_HBF1=9.561444e-03;
test_error_RBF=1.208353e-03;
train_error_RBF=1.388395e-03;