task_id=4;
center=29;
test_error_HBF1=3.397043e-02;
train_error_HBF1=3.346271e-02;
test_error_RBF=6.409519e-03;
train_error_RBF=6.824998e-03;