task_id=11;
center=95;
test_error_HBF1=1.936740e-02;
train_error_HBF1=1.961139e-02;
test_error_RBF=1.489458e-03;
train_error_RBF=1.680364e-03;