task_id=16;
secs=4.421585e+03;
minutes=7.369308e+01;
hours=1.228218e+00;
iterations=30800;
center=142;
data_set= '../../../common/data/data_h_1_x2_y2_sinxy_0.7_0.15_0.15_28000_6000_6000.mat' ;