task_id=6;
secs=1.550454e+03;
minutes=2.584091e+01;
hours=4.306818e-01;
iterations=30800;
center=48;
data_set= '../../../common/data/data_h_1_x2_y2_sinxy_0.7_0.15_0.15_28000_6000_6000.mat' ;