task_id=1;
secs=1.321050e+02;
minutes=2.201751e+00;
hours=3.669585e-02;
iterations=30800;
center=1;
data_set= '../../../common/data/data_h_1_x2_y2_sinxy_0.7_0.15_0.15_28000_6000_6000.mat' ;