task_id=5;
secs=1.214954e+03;
minutes=2.024924e+01;
hours=3.374873e-01;
iterations=30800;
center=38;
data_set= '../../../common/data/data_h_1_x2_y2_sinxy_0.7_0.15_0.15_28000_6000_6000.mat' ;