task_id=2;
secs=1.061487e+00;
minutes=1.769145e-02;
hours=2.948575e-04;
iterations=100;
center=178;