task_id=9;
center=35;
test_error_HBF1=9.285614e-01;
train_error_HBF1=9.497362e-01;
test_error_RBF=2.191016e-01;
train_error_RBF=1.995344e-01;