task_id=4;
center=58;
test_error_HBF1=6.381607e-01;
train_error_HBF1=6.554640e-01;
test_error_RBF=1.943927e-01;
train_error_RBF=1.757222e-01;