task_id=8;
secs=1.260612e+00;
minutes=2.101019e-02;
hours=3.501699e-04;
iterations=1;
center=148;
data_set= '../../../common/data/data_MNIST_0.7_0.15_0.15_49000_10500_10500.mat' ;