task_id=20;
secs=1.454248e+00;
minutes=2.423746e-02;
hours=4.039577e-04;
iterations=1;
center=400;
data_set= '../../../common/data/data_MNIST_0.7_0.15_0.15_49000_10500_10500.mat' ;