task_id=14;
secs=1.314466e+00;
minutes=2.190776e-02;
hours=3.651294e-04;
iterations=1;
center=274;
data_set= '../../../common/data/data_MNIST_0.7_0.15_0.15_49000_10500_10500.mat' ;