task_id=11;
secs=1.278864e+00;
minutes=2.131441e-02;
hours=3.552401e-04;
iterations=1;
center=211;
data_set= '../../../common/data/data_MNIST_0.7_0.15_0.15_49000_10500_10500.mat' ;