task_id=15;
secs=1.277680e+00;
minutes=2.129466e-02;
hours=3.549110e-04;
iterations=1;
center=295;
data_set= '../../../common/data/data_MNIST_0.7_0.15_0.15_49000_10500_10500.mat' ;