task_id=5;
secs=1.243831e+00;
minutes=2.073052e-02;
hours=3.455087e-04;
iterations=1;
center=85;
data_set= '../../../common/data/data_MNIST_0.7_0.15_0.15_49000_10500_10500.mat' ;