task_id=4;
secs=1.231003e+00;
minutes=2.051672e-02;
hours=3.419453e-04;
iterations=1;
center=64;
data_set= '../../../common/data/data_MNIST_0.7_0.15_0.15_49000_10500_10500.mat' ;