task_id=18;
secs=1.401949e+00;
minutes=2.336582e-02;
hours=3.894303e-04;
iterations=1;
center=358;
data_set= '../../../common/data/data_MNIST_0.7_0.15_0.15_49000_10500_10500.mat' ;