task_id=12;
secs=1.253452e+00;
minutes=2.089087e-02;
hours=3.481812e-04;
iterations=1;
center=232;
data_set= '../../../common/data/data_MNIST_0.7_0.15_0.15_49000_10500_10500.mat' ;