task_id=2;
center=26;
test_error_HBF1=1.974706e+03;
train_error_HBF1=1.951162e+03;
test_error_RBF=4.599858e+03;
train_error_RBF=4.502992e+03;