task_id=21;
center=517;
test_error_HBF1=1.004675e+00;
train_error_HBF1=1.004708e+00;
test_error_RBF=1.225512e-01;
train_error_RBF=4.767851e-02;