task_id=5;
center=180;
test_error_HBF1=4.883059e+02;
train_error_HBF1=4.806108e+02;
test_error_RBF=4.884013e+02;
train_error_RBF=4.771556e+02;