task_id=10;
center=105;
test_error_HBF1=1.475807e-01;
train_error_HBF1=1.535077e-01;
test_error_RBF=8.321830e-02;
train_error_RBF=8.700864e-02;