task_id=8;
center=82;
test_error_HBF1=1.783727e-01;
train_error_HBF1=1.847128e-01;
test_error_RBF=1.032874e-01;
train_error_RBF=1.075969e-01;