task_id=4;
center=35;
test_error_HBF1=2.073331e-01;
train_error_HBF1=2.150100e-01;
test_error_RBF=1.979455e-01;
train_error_RBF=2.050994e-01;