task_id=3;
center=24;
test_error_HBF1=2.861963e-01;
train_error_HBF1=2.943847e-01;
test_error_RBF=2.508909e-01;
train_error_RBF=2.595602e-01;