task_id=15;
center=163;
test_error_HBF1=1.729240e-01;
train_error_HBF1=1.792084e-01;
test_error_RBF=5.848725e-02;
train_error_RBF=6.101004e-02;