task_id=15;
secs=3.704288e+05;
minutes=6.173814e+03;
hours=1.028969e+02;
iterations=107800;
center=163;
data_set= '../../../common/data/data_MNIST_0.7_0.15_0.15_49000_10500_10500.mat' ;