task_id=14;
secs=3.571490e+05;
minutes=5.952483e+03;
hours=9.920805e+01;
iterations=107800;
center=152;
data_set= '../../../common/data/data_MNIST_0.7_0.15_0.15_49000_10500_10500.mat' ;