task_id=11;
secs=3.091739e+05;
minutes=5.152898e+03;
hours=8.588164e+01;
iterations=107800;
center=117;
data_set= '../../../common/data/data_MNIST_0.7_0.15_0.15_49000_10500_10500.mat' ;