task_id=14;
center=123;
test_error_HBF1=3.378925e-02;
train_error_HBF1=3.335274e-02;
test_error_RBF=3.161407e-02;
train_error_RBF=3.073385e-02;