task_id=15;
center=132;
test_error_HBF1=3.216306e-02;
train_error_HBF1=3.145967e-02;
test_error_RBF=3.159542e-02;
train_error_RBF=3.068877e-02;