task_id=12;
center=104;
test_error_HBF1=3.228399e-02;
train_error_HBF1=3.145817e-02;
test_error_RBF=3.165784e-02;
train_error_RBF=3.078015e-02;