task_id=11;
center=95;
test_error_HBF1=3.242931e-02;
train_error_HBF1=3.190972e-02;
test_error_RBF=3.166304e-02;
train_error_RBF=3.080274e-02;