task_id=6;
center=48;
test_error_HBF1=3.211682e-02;
train_error_HBF1=3.128875e-02;
test_error_RBF=3.166270e-02;
train_error_RBF=3.082125e-02;