task_id=19;
center=170;
test_error_HBF1=3.345717e-02;
train_error_HBF1=3.299137e-02;
test_error_RBF=3.098796e-02;
train_error_RBF=3.003449e-02;