task_id=20;
center=180;
test_error_HBF1=3.423375e-02;
train_error_HBF1=3.338209e-02;
test_error_RBF=3.082366e-02;
train_error_RBF=2.979210e-02;