task_id=7;
secs=1.947774e+03;
minutes=3.246290e+01;
hours=5.410484e-01;
iterations=30800;
center=57;
data_set= '../../../common/data/data_h_gabor_0.7_0.15_0.15_28000_6000_6000.mat' ;