task_id=14;
secs=3.738672e+03;
minutes=6.231120e+01;
hours=1.038520e+00;
iterations=30800;
center=123;
data_set= '../../../common/data/data_h_gabor_0.7_0.15_0.15_28000_6000_6000.mat' ;