task_id=1;
secs=1.408194e+02;
minutes=2.346990e+00;
hours=3.911649e-02;
iterations=30800;
center=1;
data_set= '../../../common/data/data_h_gabor_0.7_0.15_0.15_28000_6000_6000.mat' ;