task_id=12;
secs=3.158891e+03;
minutes=5.264819e+01;
hours=8.774698e-01;
iterations=30800;
center=104;
data_set= '../../../common/data/data_h_gabor_0.7_0.15_0.15_28000_6000_6000.mat' ;