task_id=9;
secs=2.502687e+03;
minutes=4.171145e+01;
hours=6.951908e-01;
iterations=30800;
center=76;
data_set= '../../../common/data/data_h_gabor_0.7_0.15_0.15_28000_6000_6000.mat' ;