task_id=3;
center=19;
test_error_HBF1=3.124184e-02;
train_error_HBF1=3.057287e-02;
test_error_RBF=3.150362e-02;
train_error_RBF=3.068153e-02;