task_id=14;
center=123;
test_error_HBF1=3.181608e-02;
train_error_HBF1=3.117592e-02;
test_error_RBF=2.518997e-02;
train_error_RBF=2.445273e-02;