task_id=15;
center=132;
test_error_HBF1=3.215057e-02;
train_error_HBF1=3.123401e-02;
test_error_RBF=2.165227e-02;
train_error_RBF=2.009874e-02;