task_id=6;
secs=3.407622e+03;
minutes=5.679370e+01;
hours=9.465617e-01;
iterations=30800;
center=48;
data_set= '../../../common/data/data_h_gabor_0.7_0.15_0.15_28000_6000_6000.mat' ;