task_id=7;
secs=5.599697e+03;
minutes=9.332828e+01;
hours=1.555471e+00;
iterations=30800;
center=57;
data_set= '../../../common/data/data_h_gabor_0.7_0.15_0.15_28000_6000_6000.mat' ;