task_id=7;
center=57;
test_error_HBF1=3.174719e-02;
train_error_HBF1=3.039846e-02;
test_error_RBF=3.029238e-02;
train_error_RBF=2.918896e-02;