task_id=18;
secs=9.295418e+02;
minutes=1.549236e+01;
hours=2.582060e-01;
iterations=30800;
center=161;
data_set= '../../../common/data/data_h_gabor_0.7_0.15_0.15_28000_6000_6000.mat' ;