task_id=16;
secs=1.267611e+03;
minutes=2.112685e+01;
hours=3.521141e-01;
iterations=30800;
center=142;
data_set= '../../../common/data/data_h_gabor_0.7_0.15_0.15_28000_6000_6000.mat' ;