task_id=2;
center=10;
test_error_HBF1=3.162419e-02;
train_error_HBF1=3.079523e-02;
test_error_RBF=3.162748e-02;
train_error_RBF=3.082905e-02;