task_id=10;
secs=1.447252e+04;
minutes=2.412086e+02;
hours=4.020144e+00;
iterations=591312;
center=85;
data_set= '../../../common/data/data_h_gabor_0.7_0.15_0.15_28000_6000_6000.mat' ;