task_id=4;
secs=4.964378e+03;
minutes=8.273964e+01;
hours=1.378994e+00;
iterations=591312;
center=29;
data_set= '../../../common/data/data_h_gabor_0.7_0.15_0.15_28000_6000_6000.mat' ;