task_id=3;
secs=4.294370e+03;
minutes=7.157283e+01;
hours=1.192880e+00;
iterations=591312;
center=19;
data_set= '../../../common/data/data_h_gabor_0.7_0.15_0.15_28000_6000_6000.mat' ;