task_id=9;
secs=9.496928e+03;
minutes=1.582821e+02;
hours=2.638036e+00;
iterations=591312;
center=76;
data_set= '../../../common/data/data_h_gabor_0.7_0.15_0.15_28000_6000_6000.mat' ;