task_id=6;
secs=9.721599e+03;
minutes=1.620266e+02;
hours=2.700444e+00;
iterations=591312;
center=48;
data_set= '../../../common/data/data_h_gabor_0.7_0.15_0.15_28000_6000_6000.mat' ;