task_id=8;
secs=1.194176e+04;
minutes=1.990293e+02;
hours=3.317156e+00;
iterations=591312;
center=66;
data_set= '../../../common/data/data_h_gabor_0.7_0.15_0.15_28000_6000_6000.mat' ;