task_id=13;
center=114;
test_error_HBF1=6.954334e+00;
train_error_HBF1=7.035697e+00;
test_error_RBF=5.349524e-04;
train_error_RBF=5.354930e-04;