task_id=18;
center=161;
test_error_HBF1=9.314596e+00;
train_error_HBF1=9.215611e+00;
test_error_RBF=1.716324e-05;
train_error_RBF=1.474730e-05;