task_id=3;
center=19;
test_error_HBF1=5.794396e+00;
train_error_HBF1=5.838672e+00;
test_error_RBF=2.594856e-01;
train_error_RBF=2.612466e-01;