task_id=12;
center=104;
test_error_HBF1=9.388045e+00;
train_error_HBF1=9.308311e+00;
test_error_RBF=2.524576e-03;
train_error_RBF=2.279002e-03;