task_id=11;
secs=2.999368e+03;
minutes=4.998947e+01;
hours=8.331579e-01;
iterations=30800;
center=95;
data_set= '../../../common/data/data_h_sinxy_0.7_0.15_0.15_28000_6000_6000.mat' ;