task_id=17;
secs=4.301737e+03;
minutes=7.169561e+01;
hours=1.194927e+00;
iterations=30800;
center=151;
data_set= '../../../common/data/data_h_sinxy_0.7_0.15_0.15_28000_6000_6000.mat' ;