task_id=13;
secs=3.518527e+03;
minutes=5.864211e+01;
hours=9.773685e-01;
iterations=30800;
center=114;
data_set= '../../../common/data/data_h_sinxy_0.7_0.15_0.15_28000_6000_6000.mat' ;