task_id=5;
secs=1.333190e+03;
minutes=2.221983e+01;
hours=3.703305e-01;
iterations=30800;
center=38;
data_set= '../../../common/data/data_h_sinxy_0.7_0.15_0.15_28000_6000_6000.mat' ;