task_id=19;
center=170;
test_error_HBF1=1.253372e+01;
train_error_HBF1=1.221843e+01;
test_error_RBF=3.098796e-02;
train_error_RBF=3.003449e-02;