task_id=10;
center=85;
test_error_HBF1=1.011476e+01;
train_error_HBF1=1.021799e+01;
test_error_RBF=3.166871e-02;
train_error_RBF=3.081345e-02;