task_id=12;
center=104;
test_error_HBF1=1.306897e+01;
train_error_HBF1=1.324398e+01;
test_error_RBF=3.165784e-02;
train_error_RBF=3.078015e-02;