task_id=9;
center=76;
test_error_HBF1=4.340360e+00;
train_error_HBF1=4.346947e+00;
test_error_RBF=3.167467e-02;
train_error_RBF=3.081713e-02;