task_id=5;
secs=1.537960e+03;
minutes=2.563266e+01;
hours=4.272110e-01;
iterations=30800;
center=38;
data_set= '../../../common/data/data_h_gabor_0.7_0.15_0.15_28000_6000_6000.mat' ;