task_id=18;
secs=4.840540e+03;
minutes=8.067567e+01;
hours=1.344594e+00;
iterations=30800;
center=161;
data_set= '../../../common/data/data_h_gabor_0.7_0.15_0.15_28000_6000_6000.mat' ;