task_id=10;
secs=2.732768e+03;
minutes=4.554613e+01;
hours=7.591022e-01;
iterations=30800;
center=85;
data_set= '../../../common/data/data_h_gabor_0.7_0.15_0.15_28000_6000_6000.mat' ;