task_id=4;
secs=1.401302e+03;
minutes=2.335504e+01;
hours=3.892506e-01;
iterations=30800;
center=29;
data_set= '../../../common/data/data_h_gabor_0.7_0.15_0.15_28000_6000_6000.mat' ;