task_id=10;
center=40;
test_error_HBF1=1.124624e+00;
train_error_HBF1=1.178634e+00;
test_error_RBF=1.934628e-01;
train_error_RBF=1.800005e-01;