task_id=8;
center=31;
test_error_HBF1=1.135521e+00;
train_error_HBF1=1.252849e+00;
test_error_RBF=2.321867e-01;
train_error_RBF=2.158318e-01;