task_id=5;
center=18;
test_error_HBF1=1.134214e+00;
train_error_HBF1=1.158951e+00;
test_error_RBF=3.058734e-01;
train_error_RBF=3.020533e-01;