task_id=1;
center=2000;
test_error_HBF1=8.545153e+01;
train_error_HBF1=8.330957e+01;
test_error_RBF=8.650636e+01;
train_error_RBF=8.232239e+01;