task_id=1;
secs=3.107767e+05;
minutes=5.179612e+03;
hours=8.632686e+01;
iterations=129360;
center=2000;
data_set= '../../../common/data/data_MNIST_0.7_0.15_0.15_49000_10500_10500.mat' ;