task_id=4;
center=58;
test_error_HBF1=6.550684e+00;
train_error_HBF1=6.605873e+00;
test_error_RBF=1.830932e-01;
train_error_RBF=1.709041e-01;