task_id=4;
center=29;
test_error_HBF1=1.638030e+02;
train_error_HBF1=1.617961e+02;
test_error_RBF=8.624410e+02;
train_error_RBF=8.633634e+02;