task_id=20;
secs=3.216240e+04;
minutes=5.360401e+02;
hours=8.934001e+00;
iterations=42000;
center=180;
data_set= '../../../common/data/data_h_add_0.7_0.15_0.15_28000_6000_6000.mat' ;