task_id=6;
secs=1.369593e+04;
minutes=2.282655e+02;
hours=3.804424e+00;
iterations=42000;
center=48;
data_set= '../../../common/data/data_h_add_0.7_0.15_0.15_28000_6000_6000.mat' ;