task_id=13;
center=114;
test_error_HBF1=4.000157e-01;
train_error_HBF1=3.999048e-01;
test_error_RBF=5.349524e-04;
train_error_RBF=5.354930e-04;