task_id=14;
center=123;
test_error_HBF1=2.613505e-01;
train_error_HBF1=2.583362e-01;
test_error_RBF=2.172113e-04;
train_error_RBF=2.100746e-04;