task_id=19;
center=170;
test_error_HBF1=3.488785e-01;
train_error_HBF1=3.503776e-01;
test_error_RBF=1.211768e-05;
train_error_RBF=1.110673e-05;