task_id=7;
secs=1.751990e+03;
minutes=2.919983e+01;
hours=4.866639e-01;
iterations=30800;
center=57;
data_set= '../../../common/data/data_h_sinxy_0.7_0.15_0.15_28000_6000_6000.mat' ;