task_id=5;
secs=1.211971e+03;
minutes=2.019952e+01;
hours=3.366587e-01;
iterations=30800;
center=38;
data_set= '../../../common/data/data_h_sinxy_0.7_0.15_0.15_28000_6000_6000.mat' ;