task_id=6;
secs=1.568714e+03;
minutes=2.614524e+01;
hours=4.357539e-01;
iterations=30800;
center=48;
data_set= '../../../common/data/data_h_sinxy_0.7_0.15_0.15_28000_6000_6000.mat' ;