task_id=8;
secs=1.849481e+03;
minutes=3.082469e+01;
hours=5.137449e-01;
iterations=30800;
center=66;
data_set= '../../../common/data/data_h_sinxy_0.7_0.15_0.15_28000_6000_6000.mat' ;