task_id=2;
center=10;
test_error_HBF1=3.165077e-02;
train_error_HBF1=3.090456e-02;
test_error_RBF=3.165157e-02;
train_error_RBF=3.082371e-02;