task_id=3;
center=19;
test_error_HBF1=3.180714e-02;
train_error_HBF1=3.110508e-02;
test_error_RBF=3.165981e-02;
train_error_RBF=3.082214e-02;