task_id=19;
center=170;
test_error_HBF1=3.232353e-02;
train_error_HBF1=3.140334e-02;
test_error_RBF=3.077340e-02;
train_error_RBF=2.974695e-02;