task_id=14;
center=123;
test_error_HBF1=3.210993e-02;
train_error_HBF1=3.130316e-02;
test_error_RBF=3.158612e-02;
train_error_RBF=3.069198e-02;