task_id=20;
center=180;
test_error_HBF1=3.247022e-02;
train_error_HBF1=3.159817e-02;
test_error_RBF=3.052072e-02;
train_error_RBF=2.948219e-02;