task_id=13;
center=114;
test_error_HBF1=3.212772e-02;
train_error_HBF1=3.143373e-02;
test_error_RBF=3.163962e-02;
train_error_RBF=3.076045e-02;