task_id=17;
center=151;
test_error_HBF1=3.207662e-02;
train_error_HBF1=3.116982e-02;
test_error_RBF=3.131428e-02;
train_error_RBF=3.040029e-02;