task_id=17;
secs=4.153918e+04;
minutes=6.923196e+02;
hours=1.153866e+01;
iterations=61600;
center=151;
data_set= '../../../common/data/data_h_gabor_0.7_0.15_0.15_28000_6000_6000.mat' ;