task_id=3;
secs=7.150917e+03;
minutes=1.191819e+02;
hours=1.986366e+00;
iterations=61600;
center=19;
data_set= '../../../common/data/data_h_gabor_0.7_0.15_0.15_28000_6000_6000.mat' ;