task_id=11;
secs=3.060561e+04;
minutes=5.100935e+02;
hours=8.501559e+00;
iterations=61600;
center=95;
data_set= '../../../common/data/data_h_gabor_0.7_0.15_0.15_28000_6000_6000.mat' ;