task_id=15;
secs=4.158489e+04;
minutes=6.930814e+02;
hours=1.155136e+01;
iterations=61600;
center=132;
data_set= '../../../common/data/data_h_gabor_0.7_0.15_0.15_28000_6000_6000.mat' ;