task_id=1;
center=2000;
test_error_HBF1=8.512955e+01;
train_error_HBF1=8.047872e+01;
test_error_RBF=8.652137e+01;
train_error_RBF=8.233445e+01;