task_id=7;
center=57;
test_error_HBF1=1.136648e+01;
train_error_HBF1=1.117190e+01;
test_error_RBF=2.217045e-02;
train_error_RBF=2.198486e-02;