task_id=4;
center=29;
test_error_HBF1=1.136350e+01;
train_error_HBF1=1.150687e+01;
test_error_RBF=1.435602e-01;
train_error_RBF=1.456853e-01;