task_id=11;
center=95;
test_error_HBF1=8.800727e+00;
train_error_HBF1=8.933300e+00;
test_error_RBF=2.488284e-03;
train_error_RBF=2.463150e-03;