task_id=7;
secs=2.003688e+03;
minutes=3.339481e+01;
hours=5.565801e-01;
iterations=30800;
center=57;
data_set= '../../../common/data/data_h_sinxy_0.7_0.15_0.15_28000_6000_6000.mat' ;