task_id=1;
center=10;
test_error_HBF1=8.920025e+01;
train_error_HBF1=8.815356e+01;
test_error_RBF=8.920023e+01;
train_error_RBF=8.810388e+01;