task_id=1;
secs=2.552542e+02;
minutes=4.254237e+00;
hours=7.090396e-02;
iterations=4110;
center=140;
data_set= '../../../common/data/data_h_sinxy_0.7_0.15_0.15_28000_6000_6000.mat' ;