task_id=3;
secs=1.943967e+05;
minutes=3.239945e+03;
hours=5.399908e+01;
iterations=98000;
center=10;
data_set=../../../common/data/data_MNIST_0.7_0.15_0.15_49000_10500_10500.mat;