task_id=2;
secs=1.937171e+05;
minutes=3.228618e+03;
hours=5.381029e+01;
iterations=98000;
center=5;
data_set=../../../common/data/data_MNIST_0.7_0.15_0.15_49000_10500_10500.mat;