center=27;
test_error=1.000016e+00;
train_errorcenter=1.000016e+00;