center=337;
test_error=1.000522e+00;
train_errorcenter=1.000539e+00;