task_id=6;
center=48;
test_error_HBF1=6.192364e+00;
train_error_HBF1=6.267273e+00;
test_error_RBF=3.166270e-02;
train_error_RBF=3.082125e-02;