task_id=11;
center=95;
test_error_HBF1=1.562106e+01;
train_error_HBF1=1.510061e+01;
test_error_RBF=3.166934e-02;
train_error_RBF=3.080741e-02;