task_id=2;
center=10;
test_error_HBF1=2.169491e+00;
train_error_HBF1=2.251280e+00;
test_error_RBF=3.165666e-02;
train_error_RBF=3.082264e-02;