task_id=2;
center=10;
test_error_HBF1=2.825752e-02;
train_error_HBF1=2.789886e-02;
test_error_RBF=3.096661e-02;
train_error_RBF=3.008942e-02;