task_id=3;
center=19;
test_error_HBF1=2.755758e-02;
train_error_HBF1=2.639925e-02;
test_error_RBF=2.931625e-02;
train_error_RBF=2.802129e-02;