task_id=12;
center=104;
test_error_HBF1=2.620534e-02;
train_error_HBF1=2.586940e-02;
test_error_RBF=2.421306e-02;
train_error_RBF=2.409033e-02;