task_id=16;
center=142;
test_error_HBF1=2.635231e-02;
train_error_HBF1=2.612603e-02;
test_error_RBF=1.533634e-02;
train_error_RBF=1.488780e-02;