task_id=15;
center=132;
test_error_HBF1=2.666707e-02;
train_error_HBF1=2.625477e-02;
test_error_RBF=1.659868e-02;
train_error_RBF=1.591599e-02;