task_id=10;
center=85;
test_error_HBF1=2.669034e-02;
train_error_HBF1=2.615571e-02;
test_error_RBF=2.642099e-02;
train_error_RBF=2.539693e-02;