task_id=11;
center=95;
test_error_HBF1=2.609489e-02;
train_error_HBF1=2.583152e-02;
test_error_RBF=2.271863e-02;
train_error_RBF=2.254382e-02;