task_id=6;
center=48;
test_error_HBF1=2.745544e-02;
train_error_HBF1=2.651764e-02;
test_error_RBF=2.821611e-02;
train_error_RBF=2.764139e-02;