task_id=17;
center=151;
test_error_HBF1=2.618975e-02;
train_error_HBF1=2.598999e-02;
test_error_RBF=1.956248e-02;
train_error_RBF=1.885981e-02;