task_id=5;
center=38;
test_error_HBF1=2.706845e-02;
train_error_HBF1=2.649927e-02;
test_error_RBF=3.059095e-02;
train_error_RBF=2.936687e-02;