task_id=20;
center=180;
test_error_HBF1=2.602523e-02;
train_error_HBF1=2.580358e-02;
test_error_RBF=1.084704e-02;
train_error_RBF=1.037568e-02;