task_id=18;
center=161;
test_error_HBF1=2.594810e-02;
train_error_HBF1=2.573565e-02;
test_error_RBF=1.584667e-02;
train_error_RBF=1.581579e-02;