task_id=9;
center=76;
test_error_HBF1=2.637270e-02;
train_error_HBF1=2.593791e-02;
test_error_RBF=2.205803e-02;
train_error_RBF=2.078679e-02;