task_id=19;
center=170;
test_error_HBF1=2.612082e-02;
train_error_HBF1=2.612227e-02;
test_error_RBF=1.376230e-02;
train_error_RBF=1.348091e-02;