task_id=8;
center=66;
test_error_HBF1=2.716856e-02;
train_error_HBF1=2.683358e-02;
test_error_RBF=2.183000e-02;
train_error_RBF=2.083999e-02;