task_id=14;
center=123;
test_error_HBF1=2.604213e-02;
train_error_HBF1=2.592832e-02;
test_error_RBF=2.034052e-02;
train_error_RBF=1.993347e-02;