task_id=13;
center=114;
test_error_HBF1=2.639451e-02;
train_error_HBF1=2.616425e-02;
test_error_RBF=2.047941e-02;
train_error_RBF=1.955625e-02;