task_id=4;
center=29;
test_error_HBF1=2.750269e-02;
train_error_HBF1=2.614926e-02;
test_error_RBF=2.907740e-02;
train_error_RBF=2.835019e-02;