task_id=11;
secs=5.809553e+03;
minutes=9.682588e+01;
hours=1.613765e+00;
iterations=40001;
center=95;
data_set= '../../../common/data/data_h_gabor_0.7_0.15_0.15_28000_6000_6000.mat' ;