task_id=2;
secs=1.092973e+03;
minutes=1.821622e+01;
hours=3.036036e-01;
iterations=40001;
center=10;
data_set= '../../../common/data/data_h_gabor_0.7_0.15_0.15_28000_6000_6000.mat' ;