task_id=5;
secs=1.911830e+03;
minutes=3.186384e+01;
hours=5.310639e-01;
iterations=40001;
center=38;
data_set= '../../../common/data/data_h_gabor_0.7_0.15_0.15_28000_6000_6000.mat' ;