task_id=11;
secs=3.555998e+03;
minutes=5.926663e+01;
hours=9.877772e-01;
iterations=40001;
center=95;
data_set= '../../../common/data/data_h_gabor_0.7_0.15_0.15_28000_6000_6000.mat' ;