task_id=7;
secs=2.426543e+03;
minutes=4.044238e+01;
hours=6.740397e-01;
iterations=40001;
center=57;
data_set= '../../../common/data/data_h_gabor_0.7_0.15_0.15_28000_6000_6000.mat' ;