task_id=12;
secs=3.844336e+03;
minutes=6.407227e+01;
hours=1.067871e+00;
iterations=40001;
center=104;
data_set= '../../../common/data/data_h_gabor_0.7_0.15_0.15_28000_6000_6000.mat' ;