task_id=16;
secs=8.041245e+03;
minutes=1.340207e+02;
hours=2.233679e+00;
iterations=40001;
center=142;
data_set= '../../../common/data/data_h_gabor_0.7_0.15_0.15_28000_6000_6000.mat' ;