task_id=7;
secs=5.749660e+02;
minutes=9.582766e+00;
hours=1.597128e-01;
iterations=30800;
center=57;
data_set= '../../../common/data/data_h_gabor_0.7_0.15_0.15_28000_6000_6000.mat' ;