task_id=13;
secs=6.496562e+02;
minutes=1.082760e+01;
hours=1.804600e-01;
iterations=30800;
center=114;
data_set= '../../../common/data/data_h_gabor_0.7_0.15_0.15_28000_6000_6000.mat' ;