task_id=4;
secs=1.350670e+05;
minutes=2.251116e+03;
hours=3.751861e+01;
iterations=36750;
center=166;
data_set= '../../../common/data/data_MNIST_0.7_0.15_0.15_49000_10500_10500.mat' ;