task_id=5;
secs=1.508417e+05;
minutes=2.514029e+03;
hours=4.190048e+01;
iterations=36750;
center=222;
data_set= '../../../common/data/data_MNIST_0.7_0.15_0.15_49000_10500_10500.mat' ;