task_id=13;
center=114;
test_error_HBF1=5.636451e+00;
train_error_HBF1=5.695842e+00;
test_error_RBF=3.163740e-02;
train_error_RBF=3.076199e-02;