task_id=7;
center=57;
test_error_HBF1=6.322052e+00;
train_error_HBF1=6.321399e+00;
test_error_RBF=3.166548e-02;
train_error_RBF=3.082052e-02;