task_id=15;
center=132;
test_error_HBF1=2.407441e+01;
train_error_HBF1=2.367881e+01;
test_error_RBF=3.159542e-02;
train_error_RBF=3.068877e-02;