task_id=14;
secs=4.229370e+03;
minutes=7.048950e+01;
hours=1.174825e+00;
iterations=30800;
center=123;
data_set= '../../../common/data/data_h_gabor_0.7_0.15_0.15_28000_6000_6000.mat' ;