task_id=13;
secs=3.834758e+03;
minutes=6.391263e+01;
hours=1.065210e+00;
iterations=30800;
center=114;
data_set= '../../../common/data/data_h_gabor_0.7_0.15_0.15_28000_6000_6000.mat' ;