task_id=7;
center=27;
test_error_HBF1=8.697398e-01;
train_error_HBF1=8.667716e-01;
test_error_RBF=2.509737e-01;
train_error_RBF=2.410068e-01;