task_id=9;
center=35;
test_error_HBF1=8.260875e-01;
train_error_HBF1=8.262612e-01;
test_error_RBF=2.144922e-01;
train_error_RBF=2.045853e-01;