task_id=20;
center=180;
test_error_HBF1=1.407665e+01;
train_error_HBF1=1.410105e+01;
test_error_RBF=1.118464e-05;
train_error_RBF=8.786692e-06;