task_id=10;
center=85;
test_error_HBF1=7.374627e+00;
train_error_HBF1=7.272994e+00;
test_error_RBF=6.160881e-03;
train_error_RBF=5.950386e-03;