task_id=16;
center=142;
test_error_HBF1=1.030247e+01;
train_error_HBF1=1.040341e+01;
test_error_RBF=6.655449e-05;
train_error_RBF=6.484257e-05;