task_id=8;
center=66;
test_error_HBF1=8.985766e+00;
train_error_HBF1=9.454727e+00;
test_error_RBF=1.644773e-02;
train_error_RBF=1.558881e-02;