task_id=14;
center=123;
test_error_HBF1=8.055437e+00;
train_error_HBF1=8.062822e+00;
test_error_RBF=6.990385e-04;
train_error_RBF=6.988393e-04;