task_id=17;
center=151;
test_error_HBF1=1.047194e+01;
train_error_HBF1=1.059148e+01;
test_error_RBF=3.230134e-05;
train_error_RBF=2.815652e-05;