task_id=18;
center=161;
test_error_HBF1=9.651924e+00;
train_error_HBF1=9.624201e+00;
test_error_RBF=1.980583e-05;
train_error_RBF=1.816776e-05;