task_id=4;
secs=1.115220e+04;
minutes=1.858701e+02;
hours=3.097834e+00;
iterations=58800;
center=29;
data_set= '../../../common/data/data_h_sinxy_0.7_0.15_0.15_28000_6000_6000.mat' ;