task_id=17;
secs=4.011171e+04;
minutes=6.685286e+02;
hours=1.114214e+01;
iterations=58800;
center=151;
data_set= '../../../common/data/data_h_sinxy_0.7_0.15_0.15_28000_6000_6000.mat' ;