task_id=13;
secs=3.290929e+04;
minutes=5.484882e+02;
hours=9.141471e+00;
iterations=58800;
center=114;
data_set= '../../../common/data/data_h_sinxy_0.7_0.15_0.15_28000_6000_6000.mat' ;