task_id=5;
center=18;
test_error_HBF1=8.710897e-01;
train_error_HBF1=8.849592e-01;
test_error_RBF=3.069805e-01;
train_error_RBF=2.951620e-01;