task_id=8;
center=31;
test_error_HBF1=9.072736e-01;
train_error_HBF1=9.224118e-01;
test_error_RBF=2.319273e-01;
train_error_RBF=2.169374e-01;