task_id=10;
center=40;
test_error_HBF1=9.433955e-01;
train_error_HBF1=9.658245e-01;
test_error_RBF=1.963514e-01;
train_error_RBF=1.815910e-01;