task_id=5;
center=222;
test_error_HBF1=5.654319e-01;
train_error_HBF1=5.724742e-01;
test_error_RBF=4.415538e-02;
train_error_RBF=4.583234e-02;