task_id=3;
secs=1.107335e+05;
minutes=1.845559e+03;
hours=3.075932e+01;
iterations=36750;
center=111;
data_set= '../../../common/data/data_MNIST_0.7_0.15_0.15_49000_10500_10500.mat' ;