task_id=9;
center=76;
test_error_HBF1=5.698130e-02;
train_error_HBF1=5.442214e-02;
test_error_RBF=3.004919e-02;
train_error_RBF=2.872951e-02;