task_id=14;
secs=7.657088e+03;
minutes=1.276181e+02;
hours=2.126969e+00;
iterations=30800;
center=123;
data_set= '../../../common/data/data_h_gabor_0.7_0.15_0.15_28000_6000_6000.mat' ;