task_id=7;
secs=6.121387e+03;
minutes=1.020231e+02;
hours=1.700385e+00;
iterations=30800;
center=57;
data_set= '../../../common/data/data_h_gabor_0.7_0.15_0.15_28000_6000_6000.mat' ;