task_id=19;
center=466;
test_error_HBF1=1.006655e+00;
train_error_HBF1=1.006854e+00;
test_error_RBF=9.813830e-02;
train_error_RBF=8.644838e-02;