task_id=30;
center=750;
test_error_HBF1=1.002847e+00;
train_error_HBF1=1.002879e+00;
test_error_RBF=8.376858e-02;
train_error_RBF=6.866661e-02;