task_id=13;
center=311;
test_error_HBF1=1.000988e+00;
train_error_HBF1=1.001010e+00;
test_error_RBF=1.301595e-01;
train_error_RBF=1.204520e-01;