task_id=28;
center=698;
test_error_HBF1=1.006254e+00;
train_error_HBF1=1.006362e+00;
test_error_RBF=8.580717e-02;
train_error_RBF=6.945485e-02;