task_id=15;
center=363;
test_error_HBF1=1.002553e+00;
train_error_HBF1=1.002567e+00;
test_error_RBF=1.202404e-01;
train_error_RBF=1.121360e-01;