task_id=6;
center=130;
test_error_HBF1=1.000628e+00;
train_error_HBF1=1.000638e+00;
test_error_RBF=1.811170e-01;
train_error_RBF=1.738437e-01;