task_id=5;
center=105;
test_error_HBF1=1.000613e+00;
train_error_HBF1=1.000634e+00;
test_error_RBF=2.059958e-01;
train_error_RBF=2.017973e-01;