task_id=16;
center=142;
test_error_HBF1=4.002615e-02;
train_error_HBF1=3.861726e-02;
test_error_RBF=2.661950e-02;
train_error_RBF=2.580563e-02;