task_id=18;
secs=2.659042e+03;
minutes=4.431736e+01;
hours=7.386227e-01;
iterations=61600;
center=161;
data_set= '../../../common/data/data_h_gabor_0.7_0.15_0.15_28000_6000_6000.mat' ;