task_id=17;
secs=1.670797e+03;
minutes=2.784662e+01;
hours=4.641104e-01;
iterations=61600;
center=151;
data_set= '../../../common/data/data_h_gabor_0.7_0.15_0.15_28000_6000_6000.mat' ;