task_id=2;
center=10;
test_error_HBF1=3.618918e-02;
train_error_HBF1=3.570020e-02;
test_error_RBF=2.702932e-02;
train_error_RBF=2.673259e-02;