task_id=13;
center=114;
test_error_HBF1=1.993980e-02;
train_error_HBF1=2.046912e-02;
test_error_RBF=1.289256e-03;
train_error_RBF=1.470044e-03;