task_id=3;
secs=8.000319e+02;
minutes=1.333386e+01;
hours=2.222311e-01;
iterations=30800;
center=19;
data_set= '../../../common/data/data_h_1_x2_y2_sinxy_0.7_0.15_0.15_28000_6000_6000.mat' ;