task_id=19;
secs=4.590658e+03;
minutes=7.651096e+01;
hours=1.275183e+00;
iterations=30800;
center=170;
data_set= '../../../common/data/data_h_1_x2_y2_sinxy_0.7_0.15_0.15_28000_6000_6000.mat' ;