task_id=9;
secs=2.518815e+03;
minutes=4.198025e+01;
hours=6.996708e-01;
iterations=30800;
center=76;
data_set= '../../../common/data/data_h_1_x2_y2_sinxy_0.7_0.15_0.15_28000_6000_6000.mat' ;