task_id=10;
secs=2.849727e+03;
minutes=4.749546e+01;
hours=7.915910e-01;
iterations=30800;
center=85;
data_set= '../../../common/data/data_h_1_x2_y2_sinxy_0.7_0.15_0.15_28000_6000_6000.mat' ;