task_id=9;
center=94;
test_error_HBF1=8.736357e+01;
train_error_HBF1=8.643736e+01;
test_error_RBF=8.854953e+01;
train_error_RBF=8.750411e+01;