task_id=5;
center=47;
test_error_HBF1=8.824898e+01;
train_error_HBF1=8.729048e+01;
test_error_RBF=8.906679e+01;
train_error_RBF=8.792712e+01;