task_id=13;
center=140;
test_error_HBF1=8.715906e+01;
train_error_HBF1=8.627609e+01;
test_error_RBF=8.867857e+01;
train_error_RBF=8.754192e+01;