task_id=4;
secs=2.109317e+05;
minutes=3.515528e+03;
hours=5.859214e+01;
iterations=107800;
center=35;
data_set= '../../../common/data/data_MNIST_0.7_0.15_0.15_49000_10500_10500.mat' ;