task_id=9;
secs=2.748586e+05;
minutes=4.580977e+03;
hours=7.634962e+01;
iterations=107800;
center=94;
data_set= '../../../common/data/data_MNIST_0.7_0.15_0.15_49000_10500_10500.mat' ;