task_id=8;
secs=2.601261e+05;
minutes=4.335435e+03;
hours=7.225725e+01;
iterations=107800;
center=82;
data_set= '../../../common/data/data_MNIST_0.7_0.15_0.15_49000_10500_10500.mat' ;