task_id=13;
secs=3.310193e+05;
minutes=5.516989e+03;
hours=9.194981e+01;
iterations=107800;
center=140;
data_set= '../../../common/data/data_MNIST_0.7_0.15_0.15_49000_10500_10500.mat' ;