task_id=3;
secs=3.240093e+03;
minutes=5.400156e+01;
hours=9.000260e-01;
iterations=30800;
center=90;
data_set= '../../../common/data/data_h_D10_x2sinx_0.7_0.15_0.15_28000_6000_6000.mat' ;