task_id=4;
center=58;
test_error_HBF1=5.647805e+00;
train_error_HBF1=5.860492e+00;
test_error_RBF=1.544321e-01;
train_error_RBF=1.374069e-01;