task_id=7;
center=127;
test_error_HBF1=1.000602e+00;
train_error_HBF1=1.000601e+00;
test_error_RBF=7.175437e-02;
train_error_RBF=7.487016e-02;