task_id=13;
center=253;
test_error_HBF1=1.001597e+00;
train_error_HBF1=1.001590e+00;
test_error_RBF=3.911783e-02;
train_error_RBF=4.058079e-02;