task_id=17;
center=337;
test_error_HBF1=1.002076e+00;
train_error_HBF1=1.002060e+00;
test_error_RBF=2.972260e-02;
train_error_RBF=3.068609e-02;