task_id=12;
center=232;
test_error_HBF1=1.001401e+00;
train_error_HBF1=1.001394e+00;
test_error_RBF=4.227937e-02;
train_error_RBF=4.385001e-02;