task_id=11;
center=211;
test_error_HBF1=1.001322e+00;
train_error_HBF1=1.001312e+00;
test_error_RBF=4.615314e-02;
train_error_RBF=4.795875e-02;