task_id=10;
center=190;
test_error_HBF1=1.001127e+00;
train_error_HBF1=1.001120e+00;
test_error_RBF=5.094388e-02;
train_error_RBF=5.290557e-02;