task_id=18;
center=358;
test_error_HBF1=1.002195e+00;
train_error_HBF1=1.002186e+00;
test_error_RBF=2.774172e-02;
train_error_RBF=2.864137e-02;