task_id=5;
center=85;
test_error_HBF1=9.998582e-01;
train_error_HBF1=9.998659e-01;
test_error_RBF=9.938978e-02;
train_error_RBF=1.038627e-01;