task_id=9;
center=169;
test_error_HBF1=1.001015e+00;
train_error_HBF1=1.001005e+00;
test_error_RBF=5.589625e-02;
train_error_RBF=5.808372e-02;