task_id=19;
center=379;
test_error_HBF1=1.002505e+00;
train_error_HBF1=1.002480e+00;
test_error_RBF=2.605631e-02;
train_error_RBF=2.688640e-02;