task_id=15;
center=295;
test_error_HBF1=1.001892e+00;
train_error_HBF1=1.001874e+00;
test_error_RBF=3.384885e-02;
train_error_RBF=3.496632e-02;