task_id=8;
center=148;
test_error_HBF1=1.000893e+00;
train_error_HBF1=1.000891e+00;
test_error_RBF=6.313741e-02;
train_error_RBF=6.574951e-02;