task_id=6;
center=106;
test_error_HBF1=1.000366e+00;
train_error_HBF1=1.000367e+00;
test_error_RBF=8.348764e-02;
train_error_RBF=8.718608e-02;