task_id=14;
center=274;
test_error_HBF1=1.001774e+00;
train_error_HBF1=1.001766e+00;
test_error_RBF=3.641825e-02;
train_error_RBF=3.766937e-02;