task_id=2;
center=22;
test_error_HBF1=5.854232e-01;
train_error_HBF1=5.924369e-01;
test_error_RBF=2.640542e-01;
train_error_RBF=2.727211e-01;