task_id=16;
center=316;
test_error_HBF1=1.001976e+00;
train_error_HBF1=1.001962e+00;
test_error_RBF=3.141897e-02;
train_error_RBF=3.257480e-02;