task_id=20;
center=400;
test_error_HBF1=1.002305e+00;
train_error_HBF1=1.002292e+00;
test_error_RBF=2.479900e-02;
train_error_RBF=2.562270e-02;