task_id=4;
center=64;
test_error_HBF1=5.977643e-01;
train_error_HBF1=6.045909e-01;
test_error_RBF=1.247529e-01;
train_error_RBF=1.300649e-01;