task_id=3;
center=43;
test_error_HBF1=5.882508e-01;
train_error_HBF1=5.953525e-01;
test_error_RBF=1.733837e-01;
train_error_RBF=1.809999e-01;