task_id=13;
secs=8.591926e+04;
minutes=1.431988e+03;
hours=2.386646e+01;
iterations=245000;
center=253;
data_set= '../../../common/data/data_MNIST_0.7_0.15_0.15_49000_10500_10500.mat' ;