task_id=10;
secs=7.210236e+04;
minutes=1.201706e+03;
hours=2.002843e+01;
iterations=245000;
center=190;
data_set= '../../../common/data/data_MNIST_0.7_0.15_0.15_49000_10500_10500.mat' ;