task_id=8;
secs=5.405143e+04;
minutes=9.008572e+02;
hours=1.501429e+01;
iterations=245000;
center=148;
data_set= '../../../common/data/data_MNIST_0.7_0.15_0.15_49000_10500_10500.mat' ;