task_id=15;
secs=1.001684e+05;
minutes=1.669473e+03;
hours=2.782456e+01;
iterations=245000;
center=295;
data_set= '../../../common/data/data_MNIST_0.7_0.15_0.15_49000_10500_10500.mat' ;