task_id=20;
secs=1.381564e+05;
minutes=2.302607e+03;
hours=3.837678e+01;
iterations=245000;
center=400;
data_set= '../../../common/data/data_MNIST_0.7_0.15_0.15_49000_10500_10500.mat' ;