task_id=9;
secs=6.797373e+04;
minutes=1.132895e+03;
hours=1.888159e+01;
iterations=245000;
center=169;
data_set= '../../../common/data/data_MNIST_0.7_0.15_0.15_49000_10500_10500.mat' ;