task_id=4;
secs=8.761019e+04;
minutes=1.460170e+03;
hours=2.433616e+01;
iterations=245000;
center=64;
data_set= '../../../common/data/data_MNIST_0.7_0.15_0.15_49000_10500_10500.mat' ;