task_id=19;
secs=1.350309e+05;
minutes=2.250516e+03;
hours=3.750860e+01;
iterations=245000;
center=379;
data_set= '../../../common/data/data_MNIST_0.7_0.15_0.15_49000_10500_10500.mat' ;