task_id=5;
secs=9.545866e+04;
minutes=1.590978e+03;
hours=2.651629e+01;
iterations=245000;
center=85;
data_set= '../../../common/data/data_MNIST_0.7_0.15_0.15_49000_10500_10500.mat' ;