task_id=3;
secs=8.178267e+04;
minutes=1.363045e+03;
hours=2.271741e+01;
iterations=245000;
center=43;
data_set= '../../../common/data/data_MNIST_0.7_0.15_0.15_49000_10500_10500.mat' ;