task_id=18;
secs=1.107527e+05;
minutes=1.845879e+03;
hours=3.076465e+01;
iterations=245000;
center=358;
data_set= '../../../common/data/data_MNIST_0.7_0.15_0.15_49000_10500_10500.mat' ;