task_id=7;
secs=1.252888e+05;
minutes=2.088147e+03;
hours=3.480244e+01;
iterations=245000;
center=127;
data_set= '../../../common/data/data_MNIST_0.7_0.15_0.15_49000_10500_10500.mat' ;