task_id=1;
secs=5.135004e+04;
minutes=8.558340e+02;
hours=1.426390e+01;
iterations=245000;
center=1;
data_set= '../../../common/data/data_MNIST_0.7_0.15_0.15_49000_10500_10500.mat' ;