task_id=2;
secs=6.727298e+04;
minutes=1.121216e+03;
hours=1.868694e+01;
iterations=245000;
center=22;
data_set= '../../../common/data/data_MNIST_0.7_0.15_0.15_49000_10500_10500.mat' ;