task_id=16;
secs=8.771281e+04;
minutes=1.461880e+03;
hours=2.436467e+01;
iterations=245000;
center=316;
data_set= '../../../common/data/data_MNIST_0.7_0.15_0.15_49000_10500_10500.mat' ;