task_id=14;
secs=9.257598e+04;
minutes=1.542933e+03;
hours=2.571555e+01;
iterations=245000;
center=274;
data_set= '../../../common/data/data_MNIST_0.7_0.15_0.15_49000_10500_10500.mat' ;