task_id=6;
secs=5.339417e+04;
minutes=8.899029e+02;
hours=1.483171e+01;
iterations=245000;
center=106;
data_set= '../../../common/data/data_MNIST_0.7_0.15_0.15_49000_10500_10500.mat' ;