task_id=3;
secs=1.311937e+00;
minutes=2.186562e-02;
hours=3.644269e-04;
iterations=1;
center=43;
data_set= '../../../common/data/data_MNIST_0.7_0.15_0.15_49000_10500_10500.mat' ;