task_id=11;
secs=6.799875e+04;
minutes=1.133312e+03;
hours=1.888854e+01;
iterations=245000;
center=211;
data_set= '../../../common/data/data_MNIST_0.7_0.15_0.15_49000_10500_10500.mat' ;