task_id=12;
secs=7.058393e+04;
minutes=1.176399e+03;
hours=1.960665e+01;
iterations=245000;
center=232;
data_set= '../../../common/data/data_MNIST_0.7_0.15_0.15_49000_10500_10500.mat' ;