task_id=17;
secs=1.061544e+05;
minutes=1.769240e+03;
hours=2.948733e+01;
iterations=245000;
center=337;
data_set= '../../../common/data/data_MNIST_0.7_0.15_0.15_49000_10500_10500.mat' ;