task_id=2;
secs=1.279369e+00;
minutes=2.132281e-02;
hours=3.553802e-04;
iterations=1;
center=22;
data_set= '../../../common/data/data_MNIST_0.7_0.15_0.15_49000_10500_10500.mat' ;