task_id=16;
secs=1.189218e+03;
minutes=1.982030e+01;
hours=3.303383e-01;
iterations=30800;
center=142;
data_set= '../../../common/data/data_h_gabor_0.7_0.15_0.15_28000_6000_6000.mat' ;