task_id=6;
secs=5.140600e+02;
minutes=8.567667e+00;
hours=1.427944e-01;
iterations=30800;
center=48;
data_set= '../../../common/data/data_h_gabor_0.7_0.15_0.15_28000_6000_6000.mat' ;