task_id=8;
center=66;
test_error_HBF1=3.051871e+01;
train_error_HBF1=2.969311e+01;
test_error_RBF=5.080824e+02;
train_error_RBF=5.188231e+02;