task_id=2;
center=10;
test_error_HBF1=1.089271e+03;
train_error_HBF1=1.089810e+03;
test_error_RBF=2.543241e+03;
train_error_RBF=2.515785e+03;