task_id=12;
secs=4.955089e+04;
minutes=8.258482e+02;
hours=1.376414e+01;
iterations=36400;
center=104;
data_set= '../../../common/data/data_h_add_0.7_0.15_0.15_28000_6000_6000.mat' ;