task_id=1;
secs=2.222272e+03;
minutes=3.703786e+01;
hours=6.172977e-01;
iterations=36400;
center=1;
data_set= '../../../common/data/data_h_add_0.7_0.15_0.15_28000_6000_6000.mat' ;