task_id=15;
secs=5.969353e+04;
minutes=9.948922e+02;
hours=1.658154e+01;
iterations=36400;
center=132;
data_set= '../../../common/data/data_h_add_0.7_0.15_0.15_28000_6000_6000.mat' ;