task_id=6;
secs=2.248657e+04;
minutes=3.747761e+02;
hours=6.246269e+00;
iterations=36400;
center=48;
data_set= '../../../common/data/data_h_add_0.7_0.15_0.15_28000_6000_6000.mat' ;