task_id=11;
secs=3.955156e+04;
minutes=6.591927e+02;
hours=1.098654e+01;
iterations=36400;
center=95;
data_set= '../../../common/data/data_h_add_0.7_0.15_0.15_28000_6000_6000.mat' ;