task_id=19;
secs=4.414592e+00;
minutes=7.357653e-02;
hours=1.226276e-03;
iterations=210;
center=170;
data_set= '../../../common/data/data_h_gabor_0.7_0.15_0.15_28000_6000_6000.mat' ;