task_id=14;
secs=9.470688e+00;
minutes=1.578448e-01;
hours=2.630747e-03;
iterations=210;
center=123;
data_set= '../../../common/data/data_h_gabor_0.7_0.15_0.15_28000_6000_6000.mat' ;