task_id=12;
secs=9.400788e+00;
minutes=1.566798e-01;
hours=2.611330e-03;
iterations=210;
center=104;
data_set= '../../../common/data/data_h_gabor_0.7_0.15_0.15_28000_6000_6000.mat' ;