task_id=9;
secs=9.496948e+00;
minutes=1.582825e-01;
hours=2.638041e-03;
iterations=210;
center=76;
data_set= '../../../common/data/data_h_gabor_0.7_0.15_0.15_28000_6000_6000.mat' ;