task_id=4;
secs=9.577811e+00;
minutes=1.596302e-01;
hours=2.660503e-03;
iterations=210;
center=29;
data_set= '../../../common/data/data_h_gabor_0.7_0.15_0.15_28000_6000_6000.mat' ;