task_id=13;
secs=5.057155e+00;
minutes=8.428592e-02;
hours=1.404765e-03;
iterations=210;
center=114;
data_set= '../../../common/data/data_h_gabor_0.7_0.15_0.15_28000_6000_6000.mat' ;