task_id=8;
secs=4.494834e+00;
minutes=7.491390e-02;
hours=1.248565e-03;
iterations=210;
center=66;
data_set= '../../../common/data/data_h_gabor_0.7_0.15_0.15_28000_6000_6000.mat' ;