task_id=11;
secs=9.547113e+00;
minutes=1.591185e-01;
hours=2.651976e-03;
iterations=210;
center=95;
data_set= '../../../common/data/data_h_gabor_0.7_0.15_0.15_28000_6000_6000.mat' ;