task_id=2;
secs=3.332968e+00;
minutes=5.554947e-02;
hours=9.258244e-04;
iterations=210;
center=10;
data_set= '../../../common/data/data_h_gabor_0.7_0.15_0.15_28000_6000_6000.mat' ;