task_id=18;
secs=3.584578e+00;
minutes=5.974297e-02;
hours=9.957161e-04;
iterations=210;
center=161;
data_set= '../../../common/data/data_h_gabor_0.7_0.15_0.15_28000_6000_6000.mat' ;