task_id=5;
secs=9.658923e+00;
minutes=1.609820e-01;
hours=2.683034e-03;
iterations=210;
center=38;
data_set= '../../../common/data/data_h_gabor_0.7_0.15_0.15_28000_6000_6000.mat' ;