task_id=7;
secs=9.698628e+00;
minutes=1.616438e-01;
hours=2.694063e-03;
iterations=210;
center=57;
data_set= '../../../common/data/data_h_gabor_0.7_0.15_0.15_28000_6000_6000.mat' ;