task_id=10;
secs=4.502888e+00;
minutes=7.504813e-02;
hours=1.250802e-03;
iterations=210;
center=85;
data_set= '../../../common/data/data_h_gabor_0.7_0.15_0.15_28000_6000_6000.mat' ;