task_id=4;
center=135;
test_error_HBF1=4.883038e+02;
train_error_HBF1=4.805709e+02;
test_error_RBF=4.880790e+02;
train_error_RBF=4.782515e+02;