task_id=1;
secs=2.738902e+02;
minutes=4.564837e+00;
hours=7.608061e-02;
iterations=30800;
center=1;
data_set= '../../../common/data/data_h_D10_x2sinx_0.7_0.15_0.15_28000_6000_6000.mat' ;