task_id=13;
center=114;
test_error_HBF1=6.036246e-02;
train_error_HBF1=5.960551e-02;
test_error_RBF=1.512406e-02;
train_error_RBF=1.466768e-02;