task_id=4;
center=29;
test_error_HBF1=4.080752e-02;
train_error_HBF1=3.893826e-02;
test_error_RBF=2.852760e-02;
train_error_RBF=2.763564e-02;