task_id=15;
center=132;
test_error_HBF1=6.458309e-02;
train_error_HBF1=6.373631e-02;
test_error_RBF=1.875163e-02;
train_error_RBF=1.818525e-02;