task_id=5;
center=38;
test_error_HBF1=4.313546e-02;
train_error_HBF1=4.167239e-02;
test_error_RBF=3.132443e-02;
train_error_RBF=3.016039e-02;