task_id=20;
center=180;
test_error_HBF1=6.308296e-02;
train_error_HBF1=6.227675e-02;
test_error_RBF=1.325501e-02;
train_error_RBF=1.221539e-02;