task_id=6;
center=48;
test_error_HBF1=4.456696e-02;
train_error_HBF1=4.411645e-02;
test_error_RBF=3.087963e-02;
train_error_RBF=3.032825e-02;