task_id=9;
secs=7.012654e+03;
minutes=1.168776e+02;
hours=1.947959e+00;
iterations=30800;
center=76;
data_set= '../../../common/data/data_h_gabor_0.7_0.15_0.15_28000_6000_6000.mat' ;