task_id=16;
secs=7.844996e+03;
minutes=1.307499e+02;
hours=2.179166e+00;
iterations=30800;
center=142;
data_set= '../../../common/data/data_h_gabor_0.7_0.15_0.15_28000_6000_6000.mat' ;