task_id=1;
center=10;
test_error_HBF1=4.966015e+02;
train_error_HBF1=4.813967e+02;
test_error_RBF=4.965632e+02;
train_error_RBF=4.812353e+02;