task_id=1;
secs=5.043674e+00;
minutes=8.406124e-02;
hours=1.401021e-03;
iterations=1000;
center=10;
data_set= '../../../common/data/data_h_D_x2sinx_0.7_0.15_0.15_28000_6000_6000.mat' ;