task_id=17;
center=151;
test_error_HBF1=3.290355e-02;
train_error_HBF1=3.233289e-02;
test_error_RBF=3.130294e-02;
train_error_RBF=3.038754e-02;