task_id=19;
secs=4.326236e+03;
minutes=7.210394e+01;
hours=1.201732e+00;
iterations=30800;
center=170;
data_set= '../../../common/data/data_h_gabor_0.7_0.15_0.15_28000_6000_6000.mat' ;