task_id=11;
secs=3.039607e+03;
minutes=5.066011e+01;
hours=8.443352e-01;
iterations=30800;
center=95;
data_set= '../../../common/data/data_h_gabor_0.7_0.15_0.15_28000_6000_6000.mat' ;