task_id=9;
center=169;
test_error_HBF1=8.682608e+01;
train_error_HBF1=8.561441e+01;
test_error_RBF=8.866481e+01;
train_error_RBF=8.745109e+01;