task_id=10;
center=190;
test_error_HBF1=8.626069e+01;
train_error_HBF1=8.504737e+01;
test_error_RBF=8.829531e+01;
train_error_RBF=8.717666e+01;