task_id=20;
center=400;
test_error_HBF1=8.584311e+01;
train_error_HBF1=8.434413e+01;
test_error_RBF=8.785977e+01;
train_error_RBF=8.638734e+01;