task_id=4;
center=64;
test_error_HBF1=8.767615e+01;
train_error_HBF1=8.660378e+01;
test_error_RBF=8.904263e+01;
train_error_RBF=8.790061e+01;