task_id=18;
center=358;
test_error_HBF1=8.592306e+01;
train_error_HBF1=8.447521e+01;
test_error_RBF=8.800740e+01;
train_error_RBF=8.657363e+01;