task_id=7;
center=127;
test_error_HBF1=8.629689e+01;
train_error_HBF1=8.515126e+01;
test_error_RBF=8.815660e+01;
train_error_RBF=8.718297e+01;