task_id=3;
center=43;
test_error_HBF1=8.783336e+01;
train_error_HBF1=8.682676e+01;
test_error_RBF=8.880005e+01;
train_error_RBF=8.776988e+01;