task_id=12;
center=232;
test_error_HBF1=8.628456e+01;
train_error_HBF1=8.499101e+01;
test_error_RBF=8.846878e+01;
train_error_RBF=8.713154e+01;