task_id=6;
center=106;
test_error_HBF1=8.713074e+01;
train_error_HBF1=8.604558e+01;
test_error_RBF=8.880062e+01;
train_error_RBF=8.765146e+01;