task_id=11;
center=211;
test_error_HBF1=8.634958e+01;
train_error_HBF1=8.511093e+01;
test_error_RBF=8.818455e+01;
train_error_RBF=8.699807e+01;