task_id=13;
center=253;
test_error_HBF1=8.610905e+01;
train_error_HBF1=8.480429e+01;
test_error_RBF=8.817469e+01;
train_error_RBF=8.696866e+01;