task_id=19;
center=379;
test_error_HBF1=8.573918e+01;
train_error_HBF1=8.426197e+01;
test_error_RBF=8.799616e+01;
train_error_RBF=8.657300e+01;