task_id=15;
center=295;
test_error_HBF1=8.604784e+01;
train_error_HBF1=8.469012e+01;
test_error_RBF=8.816670e+01;
train_error_RBF=8.683038e+01;