task_id=14;
center=274;
test_error_HBF1=8.615424e+01;
train_error_HBF1=8.488190e+01;
test_error_RBF=8.845156e+01;
train_error_RBF=8.711966e+01;