task_id=17;
center=337;
test_error_HBF1=8.594549e+01;
train_error_HBF1=8.452963e+01;
test_error_RBF=8.824694e+01;
train_error_RBF=8.678236e+01;