task_id=2;
center=22;
test_error_HBF1=8.761715e+01;
train_error_HBF1=8.661645e+01;
test_error_RBF=8.897957e+01;
train_error_RBF=8.791860e+01;