task_id=8;
center=148;
test_error_HBF1=8.655069e+01;
train_error_HBF1=8.539328e+01;
test_error_RBF=8.854823e+01;
train_error_RBF=8.739406e+01;