task_id=5;
center=85;
test_error_HBF1=8.712746e+01;
train_error_HBF1=8.599960e+01;
test_error_RBF=8.893816e+01;
train_error_RBF=8.777347e+01;