task_id=18;
secs=2.829491e+05;
minutes=4.715818e+03;
hours=7.859697e+01;
iterations=490000;
center=358;
data_set= '../../../common/data/data_MNIST_0.7_0.15_0.15_49000_10500_10500.mat' ;