task_id=19;
secs=2.902486e+05;
minutes=4.837477e+03;
hours=8.062462e+01;
iterations=490000;
center=379;
data_set= '../../../common/data/data_MNIST_0.7_0.15_0.15_49000_10500_10500.mat' ;