task_id=8;
secs=1.484088e+05;
minutes=2.473480e+03;
hours=4.122467e+01;
iterations=490000;
center=148;
data_set= '../../../common/data/data_MNIST_0.7_0.15_0.15_49000_10500_10500.mat' ;