task_id=6;
secs=1.352198e+05;
minutes=2.253663e+03;
hours=3.756106e+01;
iterations=490000;
center=106;
data_set= '../../../common/data/data_MNIST_0.7_0.15_0.15_49000_10500_10500.mat' ;