task_id=11;
secs=1.878492e+05;
minutes=3.130820e+03;
hours=5.218033e+01;
iterations=490000;
center=211;
data_set= '../../../common/data/data_MNIST_0.7_0.15_0.15_49000_10500_10500.mat' ;