task_id=10;
secs=1.739520e+05;
minutes=2.899200e+03;
hours=4.831999e+01;
iterations=490000;
center=190;
data_set= '../../../common/data/data_MNIST_0.7_0.15_0.15_49000_10500_10500.mat' ;