task_id=12;
secs=2.040875e+05;
minutes=3.401458e+03;
hours=5.669097e+01;
iterations=490000;
center=232;
data_set= '../../../common/data/data_MNIST_0.7_0.15_0.15_49000_10500_10500.mat' ;