task_id=2;
secs=7.429096e+04;
minutes=1.238183e+03;
hours=2.063638e+01;
iterations=490000;
center=22;
data_set= '../../../common/data/data_MNIST_0.7_0.15_0.15_49000_10500_10500.mat' ;