task_id=4;
secs=9.870775e+04;
minutes=1.645129e+03;
hours=2.741882e+01;
iterations=490000;
center=64;
data_set= '../../../common/data/data_MNIST_0.7_0.15_0.15_49000_10500_10500.mat' ;