task_id=15;
secs=2.379506e+05;
minutes=3.965843e+03;
hours=6.609738e+01;
iterations=490000;
center=295;
data_set= '../../../common/data/data_MNIST_0.7_0.15_0.15_49000_10500_10500.mat' ;