task_id=3;
secs=9.027221e+04;
minutes=1.504537e+03;
hours=2.507561e+01;
iterations=490000;
center=43;
data_set= '../../../common/data/data_MNIST_0.7_0.15_0.15_49000_10500_10500.mat' ;