task_id=1;
secs=6.320071e+04;
minutes=1.053345e+03;
hours=1.755575e+01;
iterations=490000;
center=1;
data_set= '../../../common/data/data_MNIST_0.7_0.15_0.15_49000_10500_10500.mat' ;