task_id=20;
secs=3.011003e+05;
minutes=5.018339e+03;
hours=8.363898e+01;
iterations=490000;
center=400;
data_set= '../../../common/data/data_MNIST_0.7_0.15_0.15_49000_10500_10500.mat' ;