task_id=9;
secs=1.663574e+05;
minutes=2.772623e+03;
hours=4.621038e+01;
iterations=490000;
center=169;
data_set= '../../../common/data/data_MNIST_0.7_0.15_0.15_49000_10500_10500.mat' ;