task_id=13;
secs=2.094273e+05;
minutes=3.490454e+03;
hours=5.817424e+01;
iterations=490000;
center=253;
data_set= '../../../common/data/data_MNIST_0.7_0.15_0.15_49000_10500_10500.mat' ;