task_id=5;
secs=1.132310e+05;
minutes=1.887184e+03;
hours=3.145307e+01;
iterations=490000;
center=85;
data_set= '../../../common/data/data_MNIST_0.7_0.15_0.15_49000_10500_10500.mat' ;