task_id=17;
secs=2.709362e+05;
minutes=4.515604e+03;
hours=7.526006e+01;
iterations=490000;
center=337;
data_set= '../../../common/data/data_MNIST_0.7_0.15_0.15_49000_10500_10500.mat' ;