task_id=14;
secs=2.229295e+05;
minutes=3.715492e+03;
hours=6.192486e+01;
iterations=490000;
center=274;
data_set= '../../../common/data/data_MNIST_0.7_0.15_0.15_49000_10500_10500.mat' ;