task_id=7;
secs=1.390449e+05;
minutes=2.317415e+03;
hours=3.862358e+01;
iterations=490000;
center=127;
data_set= '../../../common/data/data_MNIST_0.7_0.15_0.15_49000_10500_10500.mat' ;