task_id=4;
center=180;
test_error_HBF1=1.387604e+01;
train_error_HBF1=1.364850e+01;
test_error_RBF=4.580592e+03;
train_error_RBF=4.484000e+03;