task_id=1;
secs=1.316683e+02;
minutes=2.194472e+00;
hours=3.657453e-02;
iterations=30800;
center=1;
data_set= '../../../common/data/data_h_add_0.7_0.15_0.15_28000_6000_6000.mat' ;