task_id=2;
secs=2.171808e+03;
minutes=3.619680e+01;
hours=6.032800e-01;
iterations=30800;
center=60;
data_set= '../../../common/data/data_h_add_0.7_0.15_0.15_28000_6000_6000.mat' ;