task_id=3;
center=90;
test_error_HBF1=4.883049e+02;
train_error_HBF1=4.806376e+02;
test_error_RBF=4.882982e+02;
train_error_RBF=4.789687e+02;