task_id=1;
center=140;
test_error_HBF1=5.265469e+02;
train_error_HBF1=5.255804e+02;
test_error_RBF=2.638443e-04;
train_error_RBF=2.536761e-04;