task_id=1;
secs=6.134490e+01;
minutes=1.022415e+00;
hours=1.704025e-02;
iterations=1110;
center=140;
data_set= '../../../common/data/data_h_sinxy_0.7_0.15_0.15_28000_6000_6000.mat' ;