task_id=4;
center=84;
test_error_HBF1=6.021050e+01;
train_error_HBF1=6.159619e+01;
test_error_RBF=2.662776e+01;
train_error_RBF=2.686340e+01;
