task_id=10;
center=250;
test_error_HBF1=8.920028e+01;
train_error_HBF1=8.812491e+01;
test_error_RBF=1.200268e+02;
train_error_RBF=8.324420e+01;
