task_id=8;
center=194;
test_error_HBF1=8.920028e+01;
train_error_HBF1=8.812491e+01;
test_error_RBF=1.061633e+02;
train_error_RBF=8.456057e+01;
