task_id=2;
center=28;
test_error_HBF1=8.920028e+01;
train_error_HBF1=8.812491e+01;
test_error_RBF=9.675307e+01;
train_error_RBF=8.734678e+01;
