task_id=3;
center=56;
test_error_HBF1=5.275686e+01;
train_error_HBF1=5.276182e+01;
test_error_RBF=1.079126e+02;
train_error_RBF=8.698228e+01;
