task_id=7;
center=167;
test_error_HBF1=8.920027e+01;
train_error_HBF1=8.812491e+01;
test_error_RBF=1.002976e+02;
train_error_RBF=8.358832e+01;
