task_id=6;
center=139;
test_error_HBF1=5.277196e+01;
train_error_HBF1=5.280386e+01;
test_error_RBF=8.907304e+01;
train_error_RBF=8.492103e+01;
