task_id=5;
center=111;
test_error_HBF1=6.573332e+01;
train_error_HBF1=6.531691e+01;
test_error_RBF=3.385640e+01;
train_error_RBF=3.408707e+01;
