task_id=9;
center=222;
test_error_HBF1=5.061730e+01;
train_error_HBF1=5.071431e+01;
test_error_RBF=4.072338e+02;
train_error_RBF=8.459074e+01;
