task_id=4;
secs=7.670313e+02;
minutes=1.278385e+01;
hours=2.130642e-01;
iterations=4000;
center=84;
data_set= '../../../common/data/data_MNIST_0.7_0.15_0.15_49000_10500_10500.mat' ;