task_id=5;
secs=8.960096e+02;
minutes=1.493349e+01;
hours=2.488916e-01;
iterations=4000;
center=111;
data_set= '../../../common/data/data_MNIST_0.7_0.15_0.15_49000_10500_10500.mat' ;