task_id=1;
secs=4.167395e+02;
minutes=6.945658e+00;
hours=1.157610e-01;
iterations=4000;
center=1;
data_set= '../../../common/data/data_MNIST_0.7_0.15_0.15_49000_10500_10500.mat' ;