task_id=7;
secs=3.740053e+02;
minutes=6.233422e+00;
hours=1.038904e-01;
iterations=4000;
center=167;
data_set= '../../../common/data/data_MNIST_0.7_0.15_0.15_49000_10500_10500.mat' ;