task_id=8;
secs=3.097305e+02;
minutes=5.162176e+00;
hours=8.603626e-02;
iterations=4000;
center=194;
data_set= '../../../common/data/data_MNIST_0.7_0.15_0.15_49000_10500_10500.mat' ;