task_id=2;
secs=5.365672e+02;
minutes=8.942786e+00;
hours=1.490464e-01;
iterations=4000;
center=28;
data_set= '../../../common/data/data_MNIST_0.7_0.15_0.15_49000_10500_10500.mat' ;