task_id=6;
secs=3.664763e+02;
minutes=6.107938e+00;
hours=1.017990e-01;
iterations=4000;
center=139;
data_set= '../../../common/data/data_MNIST_0.7_0.15_0.15_49000_10500_10500.mat' ;