task_id=9;
secs=4.076231e+02;
minutes=6.793718e+00;
hours=1.132286e-01;
iterations=4000;
center=222;
data_set= '../../../common/data/data_MNIST_0.7_0.15_0.15_49000_10500_10500.mat' ;