task_id=3;
secs=8.407663e+02;
minutes=1.401277e+01;
hours=2.335462e-01;
iterations=4000;
center=56;
data_set= '../../../common/data/data_MNIST_0.7_0.15_0.15_49000_10500_10500.mat' ;