task_id=10;
secs=4.196120e+02;
minutes=6.993533e+00;
hours=1.165589e-01;
iterations=4000;
center=250;
data_set= '../../../common/data/data_MNIST_0.7_0.15_0.15_49000_10500_10500.mat' ;