task_id=3;
center=19;
test_error_HBF1=3.133086e-02;
train_error_HBF1=3.158646e-02;
test_error_RBF=1.414896e-02;
train_error_RBF=1.450456e-02;