task_id=8;
center=66;
test_error_HBF1=3.399019e-02;
train_error_HBF1=3.333145e-02;
test_error_RBF=2.197435e-03;
train_error_RBF=2.420207e-03;