task_id=4;
center=29;
test_error_HBF1=3.409590e-02;
train_error_HBF1=3.352897e-02;
test_error_RBF=6.409519e-03;
train_error_RBF=6.824998e-03;