task_id=1;
secs=1.273789e+03;
minutes=2.122982e+01;
hours=3.538303e-01;
iterations=58800;
center=1;
data_set= '../../../common/data/data_h_1_x2_y2_sinxy_0.7_0.15_0.15_28000_6000_6000.mat' ;