task_id=10;
secs=2.571732e+04;
minutes=4.286219e+02;
hours=7.143699e+00;
iterations=58800;
center=85;
data_set= '../../../common/data/data_h_1_x2_y2_sinxy_0.7_0.15_0.15_28000_6000_6000.mat' ;