task_id=2;
secs=4.255589e+03;
minutes=7.092649e+01;
hours=1.182108e+00;
iterations=58800;
center=10;
data_set= '../../../common/data/data_h_1_x2_y2_sinxy_0.7_0.15_0.15_28000_6000_6000.mat' ;