task_id=7;
secs=1.568836e+04;
minutes=2.614726e+02;
hours=4.357877e+00;
iterations=58800;
center=57;
data_set= '../../../common/data/data_h_1_x2_y2_sinxy_0.7_0.15_0.15_28000_6000_6000.mat' ;