task_id=20;
center=180;
test_error_HBF1=3.181421e-02;
train_error_HBF1=3.061685e-02;
test_error_RBF=6.670489e-03;
train_error_RBF=6.247388e-03;