task_id=17;
center=151;
test_error_HBF1=3.195790e-02;
train_error_HBF1=3.069903e-02;
test_error_RBF=1.984481e-02;
train_error_RBF=1.978002e-02;