task_id=1;
secs=9.272833e+01;
minutes=1.545472e+00;
hours=2.575787e-02;
iterations=30800;
center=1;
data_set= '../../../common/data/data_h_gabor_0.7_0.15_0.15_28000_6000_6000.mat' ;