task_id=3;
secs=5.318175e+02;
minutes=8.863625e+00;
hours=1.477271e-01;
iterations=30800;
center=19;
data_set= '../../../common/data/data_h_gabor_0.7_0.15_0.15_28000_6000_6000.mat' ;