task_id=13;
secs=2.583545e+03;
minutes=4.305909e+01;
hours=7.176514e-01;
iterations=30800;
center=114;
data_set= '../../../common/data/data_h_gabor_0.7_0.15_0.15_28000_6000_6000.mat' ;