task_id=18;
center=198;
test_error_HBF1=8.677264e+01;
train_error_HBF1=8.594326e+01;
test_error_RBF=8.806356e+01;
train_error_RBF=8.696243e+01;