task_id=20;
center=222;
test_error_HBF1=8.683925e+01;
train_error_HBF1=8.597402e+01;
test_error_RBF=8.836892e+01;
train_error_RBF=8.713272e+01;