task_id=16;
center=175;
test_error_HBF1=8.731516e+01;
train_error_HBF1=8.642662e+01;
test_error_RBF=8.839868e+01;
train_error_RBF=8.721232e+01;