task_id=12;
center=128;
test_error_HBF1=8.708700e+01;
train_error_HBF1=8.620670e+01;
test_error_RBF=8.850035e+01;
train_error_RBF=8.740192e+01;