task_id=19;
center=210;
test_error_HBF1=8.700296e+01;
train_error_HBF1=8.616728e+01;
test_error_RBF=8.842976e+01;
train_error_RBF=8.719464e+01;