task_id=15;
center=163;
test_error_HBF1=8.742963e+01;
train_error_HBF1=8.657924e+01;
test_error_RBF=8.877142e+01;
train_error_RBF=8.748908e+01;