task_id=17;
center=187;
test_error_HBF1=8.693031e+01;
train_error_HBF1=8.604804e+01;
test_error_RBF=8.820339e+01;
train_error_RBF=8.705203e+01;