task_id=2;
center=12;
test_error_HBF1=8.890906e+01;
train_error_HBF1=8.787603e+01;
test_error_RBF=8.919499e+01;
train_error_RBF=8.809633e+01;