task_id=16;
secs=4.166223e+05;
minutes=6.943706e+03;
hours=1.157284e+02;
iterations=107800;
center=175;
data_set= '../../../common/data/data_MNIST_0.7_0.15_0.15_49000_10500_10500.mat' ;