task_id=12;
secs=3.134794e+05;
minutes=5.224656e+03;
hours=8.707761e+01;
iterations=107800;
center=128;
data_set= '../../../common/data/data_MNIST_0.7_0.15_0.15_49000_10500_10500.mat' ;