task_id=19;
secs=4.236852e+05;
minutes=7.061420e+03;
hours=1.176903e+02;
iterations=107800;
center=210;
data_set= '../../../common/data/data_MNIST_0.7_0.15_0.15_49000_10500_10500.mat' ;