task_id=20;
secs=4.388118e+05;
minutes=7.313531e+03;
hours=1.218922e+02;
iterations=107800;
center=222;
data_set= '../../../common/data/data_MNIST_0.7_0.15_0.15_49000_10500_10500.mat' ;