task_id=7;
secs=2.537603e+05;
minutes=4.229339e+03;
hours=7.048898e+01;
iterations=107800;
center=70;
data_set= '../../../common/data/data_MNIST_0.7_0.15_0.15_49000_10500_10500.mat' ;