task_id=3;
secs=1.879674e+05;
minutes=3.132790e+03;
hours=5.221317e+01;
iterations=107800;
center=24;
data_set= '../../../common/data/data_MNIST_0.7_0.15_0.15_49000_10500_10500.mat' ;