task_id=19;
center=170;
test_error_HBF1=1.298308e+01;
train_error_HBF1=1.275467e+01;
test_error_RBF=2.323480e+01;
train_error_RBF=2.264809e+01;