task_id=5;
center=38;
test_error_HBF1=9.376764e+01;
train_error_HBF1=9.302714e+01;
test_error_RBF=1.691811e+03;
train_error_RBF=1.611686e+03;