task_id=3;
center=19;
test_error_HBF1=4.169989e+02;
train_error_HBF1=4.102833e+02;
test_error_RBF=1.475339e+03;
train_error_RBF=1.447852e+03;