task_id=17;
center=151;
test_error_HBF1=1.329835e+01;
train_error_HBF1=1.316907e+01;
test_error_RBF=2.662355e+01;
train_error_RBF=2.750022e+01;