task_id=6;
center=48;
test_error_HBF1=5.636459e+01;
train_error_HBF1=5.705316e+01;
test_error_RBF=7.448492e+02;
train_error_RBF=7.591299e+02;