task_id=19;
secs=6.987428e+04;
minutes=1.164571e+03;
hours=1.940952e+01;
iterations=36400;
center=170;
data_set= '../../../common/data/data_h_add_0.7_0.15_0.15_28000_6000_6000.mat' ;