task_id=5;
secs=1.904642e+04;
minutes=3.174403e+02;
hours=5.290671e+00;
iterations=36400;
center=38;
data_set= '../../../common/data/data_h_add_0.7_0.15_0.15_28000_6000_6000.mat' ;