task_id=20;
secs=6.337953e+04;
minutes=1.056325e+03;
hours=1.760542e+01;
iterations=36400;
center=180;
data_set= '../../../common/data/data_h_add_0.7_0.15_0.15_28000_6000_6000.mat' ;