task_id=18;
secs=6.016071e+04;
minutes=1.002678e+03;
hours=1.671131e+01;
iterations=36400;
center=161;
data_set= '../../../common/data/data_h_add_0.7_0.15_0.15_28000_6000_6000.mat' ;