task_id=9;
secs=3.933150e+04;
minutes=6.555250e+02;
hours=1.092542e+01;
iterations=36400;
center=76;
data_set= '../../../common/data/data_h_add_0.7_0.15_0.15_28000_6000_6000.mat' ;