task_id=7;
secs=3.152561e+04;
minutes=5.254268e+02;
hours=8.757113e+00;
iterations=36400;
center=57;
data_set= '../../../common/data/data_h_add_0.7_0.15_0.15_28000_6000_6000.mat' ;