task_id=17;
center=151;
test_error_HBF1=1.378144e+01;
train_error_HBF1=1.373790e+01;
test_error_RBF=2.346057e+01;
train_error_RBF=2.548361e+01;