task_id=18;
center=161;
test_error_HBF1=1.235073e+01;
train_error_HBF1=1.267218e+01;
test_error_RBF=1.395189e+01;
train_error_RBF=1.403830e+01;