task_id=8;
center=66;
test_error_HBF1=2.951121e+01;
train_error_HBF1=2.892393e+01;
test_error_RBF=2.169856e+02;
train_error_RBF=2.152560e+02;