task_id=14;
center=123;
test_error_HBF1=1.491325e+01;
train_error_HBF1=1.463027e+01;
test_error_RBF=4.395926e+01;
train_error_RBF=4.396431e+01;