task_id=11;
secs=1.905908e+04;
minutes=3.176513e+02;
hours=5.294189e+00;
iterations=42000;
center=95;
data_set= '../../../common/data/data_h_add_0.7_0.15_0.15_28000_6000_6000.mat' ;