task_id=12;
secs=2.086640e+04;
minutes=3.477733e+02;
hours=5.796222e+00;
iterations=42000;
center=104;
data_set= '../../../common/data/data_h_add_0.7_0.15_0.15_28000_6000_6000.mat' ;