task_id=9;
secs=1.580841e+04;
minutes=2.634735e+02;
hours=4.391225e+00;
iterations=42000;
center=76;
data_set= '../../../common/data/data_h_add_0.7_0.15_0.15_28000_6000_6000.mat' ;