task_id=14;
secs=2.457700e+04;
minutes=4.096166e+02;
hours=6.826944e+00;
iterations=42000;
center=123;
data_set= '../../../common/data/data_h_add_0.7_0.15_0.15_28000_6000_6000.mat' ;