task_id=6;
secs=1.011623e+04;
minutes=1.686039e+02;
hours=2.810065e+00;
iterations=42000;
center=48;
data_set= '../../../common/data/data_h_add_0.7_0.15_0.15_28000_6000_6000.mat' ;