task_id=18;
secs=3.362149e+04;
minutes=5.603582e+02;
hours=9.339304e+00;
iterations=42000;
center=161;
data_set= '../../../common/data/data_h_add_0.7_0.15_0.15_28000_6000_6000.mat' ;