task_id=17;
secs=2.772014e+04;
minutes=4.620024e+02;
hours=7.700040e+00;
iterations=42000;
center=151;
data_set= '../../../common/data/data_h_add_0.7_0.15_0.15_28000_6000_6000.mat' ;