task_id=2;
secs=2.660994e+03;
minutes=4.434990e+01;
hours=7.391650e-01;
iterations=42000;
center=10;
data_set= '../../../common/data/data_h_add_0.7_0.15_0.15_28000_6000_6000.mat' ;