task_id=18;
center=161;
test_error_HBF1=1.312185e+01;
train_error_HBF1=1.299710e+01;
test_error_RBF=1.129530e+02;
train_error_RBF=1.083178e+02;