task_id=9;
center=76;
test_error_HBF1=2.620566e+01;
train_error_HBF1=2.588799e+01;
test_error_RBF=1.031439e+02;
train_error_RBF=9.960747e+01;