task_id=14;
center=123;
test_error_HBF1=1.631134e+01;
train_error_HBF1=1.608083e+01;
test_error_RBF=1.184982e+02;
train_error_RBF=1.046787e+02;