task_id=10;
center=85;
test_error_HBF1=2.242950e+01;
train_error_HBF1=2.200636e+01;
test_error_RBF=2.163614e+02;
train_error_RBF=2.182220e+02;