task_id=11;
center=95;
test_error_HBF1=2.057033e+01;
train_error_HBF1=2.055701e+01;
test_error_RBF=1.203690e+02;
train_error_RBF=1.159208e+02;