task_id=8;
secs=2.926236e+04;
minutes=4.877060e+02;
hours=8.128434e+00;
iterations=36400;
center=66;
data_set= '../../../common/data/data_h_add_0.7_0.15_0.15_28000_6000_6000.mat' ;