task_id=10;
secs=3.724890e+04;
minutes=6.208151e+02;
hours=1.034692e+01;
iterations=36400;
center=85;
data_set= '../../../common/data/data_h_add_0.7_0.15_0.15_28000_6000_6000.mat' ;