task_id=13;
secs=4.840780e+04;
minutes=8.067967e+02;
hours=1.344661e+01;
iterations=36400;
center=114;
data_set= '../../../common/data/data_h_add_0.7_0.15_0.15_28000_6000_6000.mat' ;