task_id=14;
secs=4.965795e+04;
minutes=8.276325e+02;
hours=1.379387e+01;
iterations=36400;
center=123;
data_set= '../../../common/data/data_h_add_0.7_0.15_0.15_28000_6000_6000.mat' ;