task_id=15;
center=363;
test_error_HBF1=1.002226e+00;
train_error_HBF1=1.002284e+00;
test_error_RBF=1.504328e-01;
train_error_RBF=8.000340e-02;