task_id=2;
center=27;
test_error_HBF1=1.000021e+00;
train_error_HBF1=1.000021e+00;
test_error_RBF=3.797012e-01;
train_error_RBF=3.868219e-01;