task_id=28;
secs=7.879545e+03;
minutes=1.313258e+02;
hours=2.188763e+00;
iterations=10500;
center=698;