task_id=30;
secs=9.435947e+03;
minutes=1.572658e+02;
hours=2.621096e+00;
iterations=10500;
center=750;