task_id=5;
secs=1.789363e+03;
minutes=2.982272e+01;
hours=4.970453e-01;
iterations=10500;
center=105;