task_id=8;
center=66;
test_error_HBF1=1.000002e+00;
train_error_HBF1=9.999368e-01;
test_error_RBF=1.000126e+00;
train_error_RBF=9.976374e-01;