task_id=14;
center=123;
test_error_HBF1=9.999991e-01;
train_error_HBF1=9.999528e-01;
test_error_RBF=9.999424e-01;
train_error_RBF=9.955961e-01;