task_id=18;
center=161;
test_error_HBF1=1.000000e+00;
train_error_HBF1=9.998937e-01;
test_error_RBF=9.999963e-01;
train_error_RBF=9.942442e-01;