task_id=7;
center=57;
test_error_HBF1=1.000000e+00;
train_error_HBF1=9.999211e-01;
test_error_RBF=1.000010e+00;
train_error_RBF=9.979708e-01;