task_id=11;
center=95;
test_error_HBF1=1.000000e+00;
train_error_HBF1=9.998808e-01;
test_error_RBF=1.000003e+00;
train_error_RBF=9.966084e-01;