task_id=16;
center=142;
test_error_HBF1=9.999984e-01;
train_error_HBF1=9.999488e-01;
test_error_RBF=9.999750e-01;
train_error_RBF=9.949205e-01;