task_id=17;
center=151;
test_error_HBF1=1.000002e+00;
train_error_HBF1=9.999396e-01;
test_error_RBF=9.999549e-01;
train_error_RBF=9.946008e-01;