task_id=13;
center=114;
test_error_HBF1=9.999974e-01;
train_error_HBF1=9.999428e-01;
test_error_RBF=9.999918e-01;
train_error_RBF=9.959187e-01;