task_id=10;
center=85;
test_error_HBF1=9.999964e-01;
train_error_HBF1=9.999112e-01;
test_error_RBF=9.999996e-01;
train_error_RBF=9.969703e-01;