task_id=5;
center=38;
test_error_HBF1=9.999978e-01;
train_error_HBF1=9.999970e-01;
test_error_RBF=1.000013e+00;
train_error_RBF=9.986454e-01;