task_id=15;
center=132;
test_error_HBF1=1.000001e+00;
train_error_HBF1=9.998817e-01;
test_error_RBF=1.000009e+00;
train_error_RBF=9.952670e-01;