task_id=19;
center=170;
test_error_HBF1=9.999964e-01;
train_error_HBF1=9.999342e-01;
test_error_RBF=9.999403e-01;
train_error_RBF=9.939212e-01;