task_id=2;
center=10;
test_error_HBF1=1.000000e+00;
train_error_HBF1=1.000018e+00;
test_error_RBF=1.000001e+00;
train_error_RBF=9.996281e-01;