task_id=20;
center=180;
test_error_HBF1=1.000002e+00;
train_error_HBF1=9.998792e-01;
test_error_RBF=1.000008e+00;
train_error_RBF=9.935792e-01;