task_id=9;
center=76;
test_error_HBF1=1.000000e+00;
train_error_HBF1=1.000005e+00;
test_error_RBF=9.999813e-01;
train_error_RBF=9.972854e-01;