task_id=3;
center=19;
test_error_HBF1=9.999994e-01;
train_error_HBF1=9.999694e-01;
test_error_RBF=9.999992e-01;
train_error_RBF=9.993175e-01;