task_id=4;
center=29;
test_error_HBF1=1.000000e+00;
train_error_HBF1=9.999367e-01;
test_error_RBF=1.000000e+00;
train_error_RBF=9.989690e-01;