task_id=6;
center=48;
test_error_HBF1=9.999986e-01;
train_error_HBF1=9.999446e-01;
test_error_RBF=9.999772e-01;
train_error_RBF=9.982857e-01;