task_id=12;
center=104;
test_error_HBF1=9.999996e-01;
train_error_HBF1=9.998722e-01;
test_error_RBF=1.000013e+00;
train_error_RBF=9.962680e-01;