task_id=7;
secs=4.566672e+02;
minutes=7.611119e+00;
hours=1.268520e-01;
iterations=33600;
center=57;
data_set= '../../../common/data/data_h_D10_x2sinx2_0.7_0.15_0.15_28000_6000_6000.mat' ;