task_id=17;
secs=1.500918e+03;
minutes=2.501530e+01;
hours=4.169216e-01;
iterations=33600;
center=151;
data_set= '../../../common/data/data_h_D10_x2sinx2_0.7_0.15_0.15_28000_6000_6000.mat' ;