task_id=19;
secs=1.622864e+03;
minutes=2.704774e+01;
hours=4.507957e-01;
iterations=33600;
center=170;
data_set= '../../../common/data/data_h_D10_x2sinx2_0.7_0.15_0.15_28000_6000_6000.mat' ;