task_id=1;
secs=1.591087e+02;
minutes=2.651811e+00;
hours=4.419685e-02;
iterations=33600;
center=1;
data_set= '../../../common/data/data_h_D10_x2sinx2_0.7_0.15_0.15_28000_6000_6000.mat' ;