task_id=6;
secs=4.252329e+02;
minutes=7.087216e+00;
hours=1.181203e-01;
iterations=33600;
center=48;
data_set= '../../../common/data/data_h_D10_x2sinx2_0.7_0.15_0.15_28000_6000_6000.mat' ;