task_id=4;
secs=3.029527e+02;
minutes=5.049212e+00;
hours=8.415354e-02;
iterations=33600;
center=29;
data_set= '../../../common/data/data_h_D10_x2sinx2_0.7_0.15_0.15_28000_6000_6000.mat' ;