task_id=8;
secs=5.234371e+02;
minutes=8.723952e+00;
hours=1.453992e-01;
iterations=33600;
center=66;
data_set= '../../../common/data/data_h_D10_x2sinx2_0.7_0.15_0.15_28000_6000_6000.mat' ;