task_id=14;
secs=1.223869e+03;
minutes=2.039781e+01;
hours=3.399635e-01;
iterations=33600;
center=123;
data_set= '../../../common/data/data_h_D10_x2sinx2_0.7_0.15_0.15_28000_6000_6000.mat' ;