task_id=12;
secs=1.098666e+03;
minutes=1.831110e+01;
hours=3.051850e-01;
iterations=33600;
center=104;
data_set= '../../../common/data/data_h_D10_x2sinx2_0.7_0.15_0.15_28000_6000_6000.mat' ;