task_id=9;
secs=8.388548e+02;
minutes=1.398091e+01;
hours=2.330152e-01;
iterations=33600;
center=76;
data_set= '../../../common/data/data_h_D10_x2sinx2_0.7_0.15_0.15_28000_6000_6000.mat' ;