task_id=16;
secs=1.439103e+03;
minutes=2.398505e+01;
hours=3.997508e-01;
iterations=33600;
center=142;
data_set= '../../../common/data/data_h_D10_x2sinx2_0.7_0.15_0.15_28000_6000_6000.mat' ;