task_id=15;
secs=1.321859e+03;
minutes=2.203099e+01;
hours=3.671831e-01;
iterations=33600;
center=132;
data_set= '../../../common/data/data_h_D10_x2sinx2_0.7_0.15_0.15_28000_6000_6000.mat' ;