task_id=5;
secs=3.648495e+02;
minutes=6.080826e+00;
hours=1.013471e-01;
iterations=33600;
center=38;
data_set= '../../../common/data/data_h_D10_x2sinx2_0.7_0.15_0.15_28000_6000_6000.mat' ;