task_id=3;
secs=2.525273e+02;
minutes=4.208789e+00;
hours=7.014648e-02;
iterations=33600;
center=19;
data_set= '../../../common/data/data_h_D10_x2sinx2_0.7_0.15_0.15_28000_6000_6000.mat' ;