task_id=14;
center=123;
test_error_HBF1=7.300808e-02;
train_error_HBF1=6.847759e-02;
test_error_RBF=2.235369e-02;
train_error_RBF=2.144095e-02;