task_id=20;
center=180;
test_error_HBF1=1.250970e+01;
train_error_HBF1=1.340383e+01;
test_error_RBF=6.670489e-03;
train_error_RBF=6.247388e-03;