task_id=5;
center=38;
test_error_HBF1=3.194626e-02;
train_error_HBF1=3.047443e-02;
test_error_RBF=3.021030e-02;
train_error_RBF=2.954254e-02;