task_id=13;
center=114;
test_error_HBF1=3.875602e-02;
train_error_HBF1=3.775485e-02;
test_error_RBF=2.496320e-02;
train_error_RBF=2.323543e-02;