task_id=9;
secs=7.519532e+02;
minutes=1.253255e+01;
hours=2.088759e-01;
iterations=30800;
center=76;
data_set= '../../../common/data/data_h_gabor_0.7_0.15_0.15_28000_6000_6000.mat' ;