task_id=4;
secs=2.631544e+02;
minutes=4.385906e+00;
hours=7.309843e-02;
iterations=30800;
center=29;
data_set= '../../../common/data/data_h_gabor_0.7_0.15_0.15_28000_6000_6000.mat' ;