task_id=3;
secs=2.215965e+02;
minutes=3.693275e+00;
hours=6.155459e-02;
iterations=30800;
center=19;
data_set= '../../../common/data/data_h_gabor_0.7_0.15_0.15_28000_6000_6000.mat' ;