task_id=15;
secs=1.185054e+03;
minutes=1.975090e+01;
hours=3.291817e-01;
iterations=30800;
center=132;
data_set= '../../../common/data/data_h_gabor_0.7_0.15_0.15_28000_6000_6000.mat' ;