task_id=18;
secs=8.675070e+02;
minutes=1.445845e+01;
hours=2.409742e-01;
iterations=30800;
center=161;
data_set= '../../../common/data/data_h_gabor_0.7_0.15_0.15_28000_6000_6000.mat' ;