task_id=8;
secs=6.999896e+02;
minutes=1.166649e+01;
hours=1.944416e-01;
iterations=30800;
center=66;
data_set= '../../../common/data/data_h_gabor_0.7_0.15_0.15_28000_6000_6000.mat' ;