task_id=13;
secs=1.054486e+03;
minutes=1.757477e+01;
hours=2.929128e-01;
iterations=30800;
center=114;
data_set= '../../../common/data/data_h_gabor_0.7_0.15_0.15_28000_6000_6000.mat' ;