task_id=3;
center=19;
test_error_HBF1=2.697757e-02;
train_error_HBF1=2.598843e-02;
test_error_RBF=2.937379e-02;
train_error_RBF=2.893503e-02;