task_id=12;
center=104;
test_error_HBF1=2.170979e-02;
train_error_HBF1=2.175528e-02;
test_error_RBF=2.625715e-02;
train_error_RBF=2.510825e-02;