task_id=5;
center=38;
test_error_HBF1=2.539373e-02;
train_error_HBF1=2.521007e-02;
test_error_RBF=3.013314e-02;
train_error_RBF=2.924077e-02;