task_id=4;
center=29;
test_error_HBF1=2.624338e-02;
train_error_HBF1=2.541775e-02;
test_error_RBF=2.891106e-02;
train_error_RBF=2.765182e-02;