task_id=9;
center=76;
test_error_HBF1=2.178719e-02;
train_error_HBF1=2.029515e-02;
test_error_RBF=2.472798e-02;
train_error_RBF=2.469027e-02;