task_id=2;
center=10;
test_error_HBF1=2.962380e-02;
train_error_HBF1=2.877768e-02;
test_error_RBF=2.999031e-02;
train_error_RBF=2.929506e-02;