task_id=10;
center=85;
test_error_HBF1=2.062195e-02;
train_error_HBF1=2.086208e-02;
test_error_RBF=2.507539e-02;
train_error_RBF=2.430978e-02;