task_id=8;
center=66;
test_error_HBF1=2.277895e-02;
train_error_HBF1=2.252445e-02;
test_error_RBF=2.563705e-02;
train_error_RBF=2.502152e-02;