task_id=15;
center=132;
test_error_HBF1=2.120080e-02;
train_error_HBF1=2.119965e-02;
test_error_RBF=2.081485e-02;
train_error_RBF=2.001475e-02;