task_id=13;
center=114;
test_error_HBF1=2.096703e-02;
train_error_HBF1=2.109277e-02;
test_error_RBF=2.205158e-02;
train_error_RBF=2.025802e-02;