task_id=16;
center=142;
test_error_HBF1=2.074503e-02;
train_error_HBF1=2.090653e-02;
test_error_RBF=1.951032e-02;
train_error_RBF=1.891273e-02;