task_id=18;
center=161;
test_error_HBF1=2.076679e-02;
train_error_HBF1=2.094113e-02;
test_error_RBF=1.385637e-02;
train_error_RBF=1.360600e-02;