task_id=11;
center=95;
test_error_HBF1=2.124619e-02;
train_error_HBF1=2.138983e-02;
test_error_RBF=2.411735e-02;
train_error_RBF=2.313167e-02;