task_id=19;
center=170;
test_error_HBF1=2.053362e-02;
train_error_HBF1=2.063037e-02;
test_error_RBF=1.118989e-02;
train_error_RBF=1.060148e-02;