task_id=7;
center=57;
test_error_HBF1=2.455329e-02;
train_error_HBF1=2.395388e-02;
test_error_RBF=2.652196e-02;
train_error_RBF=2.565086e-02;