task_id=14;
center=123;
test_error_HBF1=2.096925e-02;
train_error_HBF1=2.105522e-02;
test_error_RBF=2.226699e-02;
train_error_RBF=2.103174e-02;