task_id=17;
center=151;
test_error_HBF1=2.051874e-02;
train_error_HBF1=2.061770e-02;
test_error_RBF=1.939426e-02;
train_error_RBF=1.817143e-02;