task_id=20;
center=180;
test_error_HBF1=2.077187e-02;
train_error_HBF1=2.081577e-02;
test_error_RBF=2.234092e-02;
train_error_RBF=2.186742e-02;