task_id=6;
center=48;
test_error_HBF1=2.453516e-02;
train_error_HBF1=2.339115e-02;
test_error_RBF=2.935710e-02;
train_error_RBF=2.867462e-02;