task_id=18;
secs=1.175288e+04;
minutes=1.958813e+02;
hours=3.264688e+00;
iterations=40001;
center=161;
data_set= '../../../common/data/data_h_gabor_0.7_0.15_0.15_28000_6000_6000.mat' ;