task_id=15;
secs=1.038973e+04;
minutes=1.731622e+02;
hours=2.886036e+00;
iterations=40001;
center=132;
data_set= '../../../common/data/data_h_gabor_0.7_0.15_0.15_28000_6000_6000.mat' ;