task_id=9;
secs=7.812231e+03;
minutes=1.302039e+02;
hours=2.170064e+00;
iterations=40001;
center=76;
data_set= '../../../common/data/data_h_gabor_0.7_0.15_0.15_28000_6000_6000.mat' ;