task_id=7;
secs=7.381380e+03;
minutes=1.230230e+02;
hours=2.050383e+00;
iterations=40001;
center=57;
data_set= '../../../common/data/data_h_gabor_0.7_0.15_0.15_28000_6000_6000.mat' ;