task_id=6;
secs=6.925221e+03;
minutes=1.154204e+02;
hours=1.923673e+00;
iterations=40001;
center=48;
data_set= '../../../common/data/data_h_gabor_0.7_0.15_0.15_28000_6000_6000.mat' ;