task_id=16;
secs=1.079798e+04;
minutes=1.799663e+02;
hours=2.999438e+00;
iterations=40001;
center=142;
data_set= '../../../common/data/data_h_gabor_0.7_0.15_0.15_28000_6000_6000.mat' ;