task_id=2;
center=178;
test_error_HBF1=1.012591e+00;
train_error_HBF1=1.012285e+00;
test_error_RBF=1.839963e-01;
train_error_RBF=1.339061e-01;