task_id=1;
secs=1.733005e-01;
minutes=2.888342e-03;
hours=4.813904e-05;
iterations=100;
center=5;