task_id=19;
center=170;
test_error_HBF1=5.199622e+00;
train_error_HBF1=5.217010e+00;
test_error_RBF=1.254450e-05;
train_error_RBF=1.100396e-05;