task_id=12;
center=104;
test_error_HBF1=7.018083e+00;
train_error_HBF1=6.983122e+00;
test_error_RBF=1.137467e-03;
train_error_RBF=1.132898e-03;