task_id=2;
center=10;
test_error_HBF1=1.311765e+00;
train_error_HBF1=1.326015e+00;
test_error_RBF=3.538467e-01;
train_error_RBF=3.568111e-01;