task_id=20;
secs=5.079628e+04;
minutes=8.466047e+02;
hours=1.411008e+01;
iterations=58800;
center=180;
data_set= '../../../common/data/data_h_sinxy_0.7_0.15_0.15_28000_6000_6000.mat' ;