task_id=11;
secs=2.635909e+04;
minutes=4.393182e+02;
hours=7.321971e+00;
iterations=58800;
center=95;
data_set= '../../../common/data/data_h_sinxy_0.7_0.15_0.15_28000_6000_6000.mat' ;