task_id=16;
secs=3.924939e+04;
minutes=6.541565e+02;
hours=1.090261e+01;
iterations=58800;
center=142;
data_set= '../../../common/data/data_h_sinxy_0.7_0.15_0.15_28000_6000_6000.mat' ;