task_id=8;
secs=1.889724e+04;
minutes=3.149540e+02;
hours=5.249234e+00;
iterations=58800;
center=66;
data_set= '../../../common/data/data_h_sinxy_0.7_0.15_0.15_28000_6000_6000.mat' ;