task_id=18;
center=180;
test_error_HBF1=1.859891e+01;
train_error_HBF1=1.815161e+01;
test_error_RBF=9.231655e-04;
train_error_RBF=1.056535e-03;