task_id=3;
secs=4.977227e+03;
minutes=8.295378e+01;
hours=1.382563e+00;
iterations=30800;
center=180;
data_set= '../../../common/data/data_h_1_x2_y2_sinxy_0.7_0.15_0.15_28000_6000_6000.mat' ;