task_id=13;
center=114;
test_error_HBF1=4.883068e+02;
train_error_HBF1=4.805598e+02;
test_error_RBF=4.885749e+02;
train_error_RBF=4.791887e+02;