task_id=10;
center=85;
test_error_HBF1=4.883080e+02;
train_error_HBF1=4.805801e+02;
test_error_RBF=4.884326e+02;
train_error_RBF=4.791929e+02;