task_id=7;
center=57;
test_error_HBF1=4.883099e+02;
train_error_HBF1=4.805840e+02;
test_error_RBF=4.885066e+02;
train_error_RBF=4.796089e+02;