task_id=20;
secs=1.097470e+04;
minutes=1.829116e+02;
hours=3.048527e+00;
iterations=61600;
center=180;
data_set= '../../../common/data/data_h_D10_x2sinx_0.7_0.15_0.15_28000_6000_6000.mat' ;