task_id=15;
secs=7.715321e+03;
minutes=1.285887e+02;
hours=2.143145e+00;
iterations=61600;
center=132;
data_set= '../../../common/data/data_h_D10_x2sinx_0.7_0.15_0.15_28000_6000_6000.mat' ;