task_id=14;
center=123;
test_error_HBF1=1.563836e-01;
train_error_HBF1=1.506380e-01;
test_error_RBF=2.235369e-02;
train_error_RBF=2.144095e-02;