task_id=18;
center=161;
test_error_HBF1=9.327596e-02;
train_error_HBF1=8.160172e-02;
test_error_RBF=2.059812e-02;
train_error_RBF=2.055890e-02;