task_id=13;
center=114;
test_error_HBF1=4.086633e-01;
train_error_HBF1=3.829169e-01;
test_error_RBF=2.496320e-02;
train_error_RBF=2.323543e-02;