task_id=11;
center=95;
test_error_HBF1=3.391835e-02;
train_error_HBF1=3.182038e-02;
test_error_RBF=2.517702e-02;
train_error_RBF=2.369402e-02;