task_id=20;
center=180;
test_error_HBF1=7.336096e+00;
train_error_HBF1=7.106564e+00;
test_error_RBF=6.670489e-03;
train_error_RBF=6.247388e-03;