task_id=16;
secs=1.588368e+03;
minutes=2.647280e+01;
hours=4.412133e-01;
iterations=40001;
center=142;
data_set= '../../../common/data/data_h_gabor_0.7_0.15_0.15_28000_6000_6000.mat' ;