task_id=13;
secs=8.658981e+02;
minutes=1.443163e+01;
hours=2.405272e-01;
iterations=40001;
center=114;
data_set= '../../../common/data/data_h_gabor_0.7_0.15_0.15_28000_6000_6000.mat' ;