task_id=4;
secs=5.359462e+02;
minutes=8.932437e+00;
hours=1.488740e-01;
iterations=40001;
center=29;
data_set= '../../../common/data/data_h_gabor_0.7_0.15_0.15_28000_6000_6000.mat' ;