task_id=15;
secs=1.454845e+03;
minutes=2.424742e+01;
hours=4.041236e-01;
iterations=40001;
center=132;
data_set= '../../../common/data/data_h_gabor_0.7_0.15_0.15_28000_6000_6000.mat' ;