task_id=5;
secs=6.162372e+02;
minutes=1.027062e+01;
hours=1.711770e-01;
iterations=40001;
center=38;
data_set= '../../../common/data/data_h_gabor_0.7_0.15_0.15_28000_6000_6000.mat' ;