task_id=14;
secs=9.022830e+02;
minutes=1.503805e+01;
hours=2.506342e-01;
iterations=40001;
center=123;
data_set= '../../../common/data/data_h_gabor_0.7_0.15_0.15_28000_6000_6000.mat' ;