task_id=3;
secs=4.473794e+02;
minutes=7.456323e+00;
hours=1.242721e-01;
iterations=40001;
center=19;
data_set= '../../../common/data/data_h_gabor_0.7_0.15_0.15_28000_6000_6000.mat' ;