task_id=10;
secs=6.808205e+02;
minutes=1.134701e+01;
hours=1.891168e-01;
iterations=40001;
center=85;
data_set= '../../../common/data/data_h_gabor_0.7_0.15_0.15_28000_6000_6000.mat' ;