task_id=2;
secs=3.592564e+02;
minutes=5.987607e+00;
hours=9.979345e-02;
iterations=40001;
center=10;
data_set= '../../../common/data/data_h_gabor_0.7_0.15_0.15_28000_6000_6000.mat' ;