task_id=5;
secs=5.664066e+03;
minutes=9.440111e+01;
hours=1.573352e+00;
iterations=30800;
center=180;
data_set= '../../../common/data/data_h_D10_x2sinx_0.7_0.15_0.15_28000_6000_6000.mat' ;