task_id=4;
secs=4.234977e+03;
minutes=7.058295e+01;
hours=1.176383e+00;
iterations=30800;
center=135;
data_set= '../../../common/data/data_h_D10_x2sinx_0.7_0.15_0.15_28000_6000_6000.mat' ;