task_id=2;
center=20;
test_error_HBF1=8.917778e+01;
train_error_HBF1=8.810246e+01;
test_error_RBF=9.037402e+01;
train_error_RBF=8.755837e+01;
