task_id=1;
center=10;
test_error_HBF1=8.914861e+01;
train_error_HBF1=8.807202e+01;
test_error_RBF=8.903900e+01;
train_error_RBF=8.762416e+01;
