task_id=2;
secs=7.542214e+00;
minutes=1.257036e-01;
hours=2.095059e-03;
iterations=10;
center=20;
data_set= '../../../common/data/data_MNIST_0.7_0.15_0.15_49000_10500_10500.mat' ;