task_id=1;
secs=6.636223e+00;
minutes=1.106037e-01;
hours=1.843395e-03;
iterations=10;
center=10;
data_set= '../../../common/data/data_MNIST_0.7_0.15_0.15_49000_10500_10500.mat' ;