task_id=2;
center=10;
test_error_HBF1=8.764114e-01;
train_error_HBF1=8.930033e-01;
test_error_RBF=4.046972e-01;
train_error_RBF=3.905344e-01;