task_id=8;
center=31;
test_error_HBF1=8.830486e-01;
train_error_HBF1=8.817675e-01;
test_error_RBF=2.299708e-01;
train_error_RBF=2.210992e-01;