task_id=10;
center=40;
test_error_HBF1=8.077591e-01;
train_error_HBF1=8.071416e-01;
test_error_RBF=1.937603e-01;
train_error_RBF=1.842140e-01;