task_id=19;
center=170;
test_error_HBF1=9.013263e-03;
train_error_HBF1=9.311312e-03;
test_error_RBF=9.054348e-04;
train_error_RBF=1.036824e-03;