task_id=17;
center=151;
test_error_HBF1=1.737462e-02;
train_error_HBF1=1.724107e-02;
test_error_RBF=1.013418e-03;
train_error_RBF=1.164744e-03;