task_id=18;
center=161;
test_error_HBF1=5.161179e-03;
train_error_HBF1=5.520243e-03;
test_error_RBF=9.954892e-04;
train_error_RBF=1.133868e-03;