task_id=16;
center=142;
test_error_HBF1=9.239917e-03;
train_error_HBF1=9.551204e-03;
test_error_RBF=1.065225e-03;
train_error_RBF=1.213136e-03;