task_id=12;
center=104;
test_error_HBF1=1.764463e-02;
train_error_HBF1=1.767017e-02;
test_error_RBF=1.434690e-03;
train_error_RBF=1.636930e-03;