task_id=9;
center=76;
test_error_HBF1=1.694351e-02;
train_error_HBF1=1.725608e-02;
test_error_RBF=1.820843e-03;
train_error_RBF=2.030136e-03;