task_id=8;
center=66;
test_error_HBF1=3.383084e-02;
train_error_HBF1=3.375717e-02;
test_error_RBF=2.412899e-03;
train_error_RBF=2.646439e-03;