task_id=10;
center=85;
test_error_HBF1=3.273065e-02;
train_error_HBF1=3.207116e-02;
test_error_RBF=1.720124e-03;
train_error_RBF=1.932583e-03;