task_id=4;
secs=9.472200e+02;
minutes=1.578700e+01;
hours=2.631167e-01;
iterations=30800;
center=29;
data_set= '../../../common/data/data_h_1_x2_y2_sinxy_0.7_0.15_0.15_28000_6000_6000.mat' ;