task_id=13;
secs=3.677666e+03;
minutes=6.129443e+01;
hours=1.021574e+00;
iterations=30800;
center=114;
data_set= '../../../common/data/data_h_1_x2_y2_sinxy_0.7_0.15_0.15_28000_6000_6000.mat' ;