task_id=15;
secs=4.069699e+03;
minutes=6.782832e+01;
hours=1.130472e+00;
iterations=30800;
center=132;
data_set= '../../../common/data/data_h_1_x2_y2_sinxy_0.7_0.15_0.15_28000_6000_6000.mat' ;