task_id=3;
center=52;
test_error_HBF1=8.805585e+02;
train_error_HBF1=8.837268e+02;
test_error_RBF=4.598338e+03;
train_error_RBF=4.501387e+03;