task_id=20;
center=180;
test_error_HBF1=3.363733e-01;
train_error_HBF1=3.351029e-01;
test_error_RBF=6.670489e-03;
train_error_RBF=6.247388e-03;