task_id=15;
center=132;
test_error_HBF1=4.331195e-02;
train_error_HBF1=4.215375e-02;
test_error_RBF=2.826596e-02;
train_error_RBF=2.668853e-02;