task_id=6;
center=48;
test_error_HBF1=3.044092e-02;
train_error_HBF1=2.986533e-02;
test_error_RBF=2.999243e-02;
train_error_RBF=2.956751e-02;