task_id=13;
secs=1.394910e+01;
minutes=2.324849e-01;
hours=3.874749e-03;
iterations=210;
center=114;
data_set= '../../../common/data/data_h_gabor_0.7_0.15_0.15_28000_6000_6000.mat' ;