task_id=14;
secs=1.698001e+01;
minutes=2.830002e-01;
hours=4.716670e-03;
iterations=210;
center=123;
data_set= '../../../common/data/data_h_gabor_0.7_0.15_0.15_28000_6000_6000.mat' ;