task_id=2;
secs=4.897112e+00;
minutes=8.161853e-02;
hours=1.360309e-03;
iterations=210;
center=10;
data_set= '../../../common/data/data_h_gabor_0.7_0.15_0.15_28000_6000_6000.mat' ;