task_id=16;
secs=8.808806e+00;
minutes=1.468134e-01;
hours=2.446891e-03;
iterations=210;
center=142;
data_set= '../../../common/data/data_h_gabor_0.7_0.15_0.15_28000_6000_6000.mat' ;