task_id=9;
secs=1.570301e+01;
minutes=2.617168e-01;
hours=4.361946e-03;
iterations=210;
center=76;
data_set= '../../../common/data/data_h_gabor_0.7_0.15_0.15_28000_6000_6000.mat' ;