task_id=1;
secs=4.665400e+00;
minutes=7.775667e-02;
hours=1.295944e-03;
iterations=210;
center=1;
data_set= '../../../common/data/data_h_gabor_0.7_0.15_0.15_28000_6000_6000.mat' ;