task_id=19;
secs=1.494294e+01;
minutes=2.490489e-01;
hours=4.150816e-03;
iterations=210;
center=170;
data_set= '../../../common/data/data_h_gabor_0.7_0.15_0.15_28000_6000_6000.mat' ;