task_id=8;
secs=9.780757e+00;
minutes=1.630126e-01;
hours=2.716877e-03;
iterations=210;
center=66;
data_set= '../../../common/data/data_h_gabor_0.7_0.15_0.15_28000_6000_6000.mat' ;