task_id=3;
secs=5.255479e+00;
minutes=8.759132e-02;
hours=1.459855e-03;
iterations=210;
center=19;
data_set= '../../../common/data/data_h_gabor_0.7_0.15_0.15_28000_6000_6000.mat' ;