task_id=10;
secs=1.520042e+01;
minutes=2.533403e-01;
hours=4.222339e-03;
iterations=210;
center=85;
data_set= '../../../common/data/data_h_gabor_0.7_0.15_0.15_28000_6000_6000.mat' ;