task_id=17;
secs=9.524271e+00;
minutes=1.587379e-01;
hours=2.645631e-03;
iterations=210;
center=151;
data_set= '../../../common/data/data_h_gabor_0.7_0.15_0.15_28000_6000_6000.mat' ;