task_id=18;
secs=9.952453e+00;
minutes=1.658742e-01;
hours=2.764570e-03;
iterations=210;
center=161;
data_set= '../../../common/data/data_h_gabor_0.7_0.15_0.15_28000_6000_6000.mat' ;