task_id=11;
secs=1.125478e+01;
minutes=1.875797e-01;
hours=3.126329e-03;
iterations=210;
center=95;
data_set= '../../../common/data/data_h_gabor_0.7_0.15_0.15_28000_6000_6000.mat' ;