task_id=5;
secs=1.272906e+01;
minutes=2.121510e-01;
hours=3.535850e-03;
iterations=210;
center=38;
data_set= '../../../common/data/data_h_gabor_0.7_0.15_0.15_28000_6000_6000.mat' ;