task_id=7;
center=57;
test_error_HBF1=3.193016e-02;
train_error_HBF1=3.107905e-02;
test_error_RBF=3.042085e-02;
train_error_RBF=2.956849e-02;