task_id=13;
center=114;
test_error_HBF1=3.158539e-02;
train_error_HBF1=3.110595e-02;
test_error_RBF=2.261483e-02;
train_error_RBF=2.213040e-02;