task_id=19;
center=170;
test_error_HBF1=3.199435e-02;
train_error_HBF1=3.114380e-02;
test_error_RBF=9.435665e-03;
train_error_RBF=9.393597e-03;