task_id=12;
center=104;
test_error_HBF1=3.166102e-02;
train_error_HBF1=3.097125e-02;
test_error_RBF=2.757651e-02;
train_error_RBF=2.611275e-02;