task_id=4;
center=29;
test_error_HBF1=3.186703e-02;
train_error_HBF1=3.106508e-02;
test_error_RBF=3.102459e-02;
train_error_RBF=2.998429e-02;