task_id=3;
secs=2.125423e+03;
minutes=3.542372e+01;
hours=5.903954e-01;
iterations=30800;
center=19;
data_set= '../../../common/data/data_h_gabor_0.7_0.15_0.15_28000_6000_6000.mat' ;