task_id=18;
secs=8.976748e+03;
minutes=1.496125e+02;
hours=2.493541e+00;
iterations=30800;
center=161;
data_set= '../../../common/data/data_h_gabor_0.7_0.15_0.15_28000_6000_6000.mat' ;