task_id=5;
center=40;
test_error_HBF1=1.152658e+00;
train_error_HBF1=1.187712e+00;
test_error_RBF=1.976101e-01;
train_error_RBF=1.814227e-01;