task_id=4;
center=30;
test_error_HBF1=1.033522e+00;
train_error_HBF1=1.061920e+00;
test_error_RBF=2.365738e-01;
train_error_RBF=2.229850e-01;