task_id=2;
center=10;
test_error_HBF1=1.019191e+03;
train_error_HBF1=1.009689e+03;
test_error_RBF=3.053727e+03;
train_error_RBF=2.911860e+03;