task_id=11;
center=95;
test_error_HBF1=1.902637e+01;
train_error_HBF1=1.921779e+01;
test_error_RBF=6.870978e+01;
train_error_RBF=7.102206e+01;