task_id=5;
center=38;
test_error_HBF1=9.170915e+01;
train_error_HBF1=9.110945e+01;
test_error_RBF=7.008588e+02;
train_error_RBF=7.485660e+02;