task_id=3;
secs=5.625614e+03;
minutes=9.376024e+01;
hours=1.562671e+00;
iterations=42000;
center=19;
data_set= '../../../common/data/data_h_add_0.7_0.15_0.15_28000_6000_6000.mat' ;