task_id=10;
secs=1.733379e+04;
minutes=2.888965e+02;
hours=4.814941e+00;
iterations=42000;
center=85;
data_set= '../../../common/data/data_h_add_0.7_0.15_0.15_28000_6000_6000.mat' ;