task_id=7;
secs=1.478937e+04;
minutes=2.464895e+02;
hours=4.108158e+00;
iterations=42000;
center=57;
data_set= '../../../common/data/data_h_add_0.7_0.15_0.15_28000_6000_6000.mat' ;