task_id=14;
center=123;
test_error_HBF1=1.000162e+00;
train_error_HBF1=1.003078e+00;
test_error_RBF=1.004873e+00;
train_error_RBF=9.950745e-01;