task_id=7;
center=57;
test_error_HBF1=1.001072e+00;
train_error_HBF1=1.002123e+00;
test_error_RBF=1.000992e+00;
train_error_RBF=9.986028e-01;