task_id=2;
center=10;
test_error_HBF1=1.065701e+00;
train_error_HBF1=1.065737e+00;
test_error_RBF=1.000919e+00;
train_error_RBF=9.995250e-01;