task_id=8;
center=66;
test_error_HBF1=1.000984e+00;
train_error_HBF1=1.001579e+00;
test_error_RBF=1.001336e+00;
train_error_RBF=9.978273e-01;