task_id=19;
secs=4.993464e+04;
minutes=8.322440e+02;
hours=1.387073e+01;
iterations=61600;
center=170;
data_set= '../../../common/data/data_h_D10_x2sinx2_0.7_0.15_0.15_28000_6000_6000.mat' ;