task_id=5;
secs=1.424259e+04;
minutes=2.373765e+02;
hours=3.956274e+00;
iterations=61600;
center=38;
data_set= '../../../common/data/data_h_D10_x2sinx2_0.7_0.15_0.15_28000_6000_6000.mat' ;