task_id=17;
secs=5.434182e+04;
minutes=9.056971e+02;
hours=1.509495e+01;
iterations=61600;
center=151;
data_set= '../../../common/data/data_h_D10_x2sinx2_0.7_0.15_0.15_28000_6000_6000.mat' ;