task_id=18;
secs=5.626454e+04;
minutes=9.377423e+02;
hours=1.562904e+01;
iterations=61600;
center=161;
data_set= '../../../common/data/data_h_D10_x2sinx2_0.7_0.15_0.15_28000_6000_6000.mat' ;