task_id=2;
secs=7.388539e+03;
minutes=1.231423e+02;
hours=2.052372e+00;
iterations=61600;
center=10;
data_set= '../../../common/data/data_h_D10_x2sinx2_0.7_0.15_0.15_28000_6000_6000.mat' ;