task_id=2;
center=25;
test_error_HBF1=3.086275e+00;
train_error_HBF1=3.210285e+00;
test_error_RBF=2.658812e-01;
train_error_RBF=2.516238e-01;