task_id=20;
center=492;
test_error_HBF1=1.003451e+00;
train_error_HBF1=1.003481e+00;
test_error_RBF=9.984529e-02;
train_error_RBF=8.853365e-02;