task_id=9;
center=76;
test_error_HBF1=4.883013e+02;
train_error_HBF1=4.805714e+02;
test_error_RBF=4.883163e+02;
train_error_RBF=4.791654e+02;