task_id=17;
center=151;
test_error_HBF1=4.883094e+02;
train_error_HBF1=4.805382e+02;
test_error_RBF=4.883338e+02;
train_error_RBF=4.777913e+02;