task_id=19;
center=170;
test_error_HBF1=4.883023e+02;
train_error_HBF1=4.805561e+02;
test_error_RBF=4.882349e+02;
train_error_RBF=4.778721e+02;