task_id=8;
secs=4.546485e+03;
minutes=7.577476e+01;
hours=1.262913e+00;
iterations=61600;
center=66;
data_set= '../../../common/data/data_h_D10_x2sinx_0.7_0.15_0.15_28000_6000_6000.mat' ;