task_id=3;
secs=4.094224e+04;
minutes=6.823706e+02;
hours=1.137284e+01;
iterations=140000;
center=52;
data_set=../../../common/data/data_h_add_0.7_0.15_0.15_28000_6000_6000.mat;