task_id=1;
secs=3.225804e+03;
minutes=5.376340e+01;
hours=8.960566e-01;
iterations=140000;
center=1;
data_set=../../../common/data/data_h_add_0.7_0.15_0.15_28000_6000_6000.mat;