task_id=3;
center=20;
test_error_HBF1=9.493691e-01;
train_error_HBF1=9.754841e-01;
test_error_RBF=2.983214e-01;
train_error_RBF=2.803618e-01;