task_id=11;
center=117;
test_error_HBF1=1.463070e-01;
train_error_HBF1=1.524153e-01;
test_error_RBF=7.686543e-02;
train_error_RBF=8.025651e-02;