task_id=17;
center=187;
test_error_HBF1=1.818934e-01;
train_error_HBF1=1.888165e-01;
test_error_RBF=5.154320e-02;
train_error_RBF=5.356947e-02;