task_id=7;
center=70;
test_error_HBF1=1.688008e-01;
train_error_HBF1=1.751019e-01;
test_error_RBF=1.170702e-01;
train_error_RBF=1.220727e-01;