task_id=12;
center=128;
test_error_HBF1=1.412007e-01;
train_error_HBF1=1.471377e-01;
test_error_RBF=7.141550e-02;
train_error_RBF=7.455089e-02;