task_id=5;
center=47;
test_error_HBF1=1.841972e-01;
train_error_HBF1=1.906861e-01;
test_error_RBF=1.600113e-01;
train_error_RBF=1.661636e-01;