task_id=17;
secs=4.013677e+05;
minutes=6.689461e+03;
hours=1.114910e+02;
iterations=107800;
center=187;
data_set= '../../../common/data/data_MNIST_0.7_0.15_0.15_49000_10500_10500.mat' ;