task_id=4;
secs=2.222237e+05;
minutes=3.703729e+03;
hours=6.172881e+01;
iterations=107800;
center=35;
data_set= '../../../common/data/data_MNIST_0.7_0.15_0.15_49000_10500_10500.mat' ;