task_id=1;
center=140;
test_error_HBF1=1.249522e+02;
train_error_HBF1=1.247367e+02;
test_error_RBF=1.083485e-03;
train_error_RBF=1.236197e-03;