task_id=1;
secs=6.470411e+01;
minutes=1.078402e+00;
hours=1.797336e-02;
iterations=1110;
center=140;
data_set= '../../../common/data/data_h_1_x2_y2_sinxy_0.7_0.15_0.15_28000_6000_6000.mat' ;