task_id=3;
center=60;
test_error_HBF1=1.700333e+01;
train_error_HBF1=1.679544e+01;
test_error_RBF=5.167390e+02;
train_error_RBF=4.957733e+02;