task_id=5;
center=120;
test_error_HBF1=1.061221e+01;
train_error_HBF1=1.048705e+01;
test_error_RBF=1.452446e+02;
train_error_RBF=1.342404e+02;