task_id=9;
center=76;
test_error_HBF1=3.182348e-02;
train_error_HBF1=3.125918e-02;
test_error_RBF=2.975468e-02;
train_error_RBF=2.895051e-02;