task_id=5;
center=38;
test_error_HBF1=3.142693e-02;
train_error_HBF1=3.064599e-02;
test_error_RBF=3.046001e-02;
train_error_RBF=2.984334e-02;