task_id=16;
center=142;
test_error_HBF1=3.185810e-02;
train_error_HBF1=3.097515e-02;
test_error_RBF=1.596361e-02;
train_error_RBF=1.613031e-02;