task_id=2;
center=10;
test_error_HBF1=3.151211e-02;
train_error_HBF1=3.074523e-02;
test_error_RBF=3.102483e-02;
train_error_RBF=3.041854e-02;