task_id=8;
center=66;
test_error_HBF1=3.178685e-02;
train_error_HBF1=3.100067e-02;
test_error_RBF=3.087883e-02;
train_error_RBF=2.984401e-02;