task_id=18;
center=161;
test_error_HBF1=3.204218e-02;
train_error_HBF1=3.132158e-02;
test_error_RBF=1.296312e-02;
train_error_RBF=1.209185e-02;