task_id=2;
secs=1.894543e+03;
minutes=3.157572e+01;
hours=5.262620e-01;
iterations=30800;
center=10;
data_set= '../../../common/data/data_h_gabor_0.7_0.15_0.15_28000_6000_6000.mat' ;