task_id=1;
center=250;
test_error_HBF1=7.508700e+00;
train_error_HBF1=7.929430e+00;
test_error_RBF=1.090427e+01;
train_error_RBF=1.179330e+01;
