task_id=13;
center=114;
test_error_HBF1=3.110318e-02;
train_error_HBF1=2.962107e-02;
test_error_RBF=2.456254e-02;
train_error_RBF=2.275656e-02;