task_id=2;
center=10;
test_error_HBF1=3.167673e-02;
train_error_HBF1=3.085279e-02;
test_error_RBF=3.162702e-02;
train_error_RBF=3.082824e-02;