task_id=9;
center=76;
test_error_HBF1=3.100540e-02;
train_error_HBF1=2.968034e-02;
test_error_RBF=2.846042e-02;
train_error_RBF=2.673248e-02;