task_id=17;
center=151;
test_error_HBF1=3.305975e-02;
train_error_HBF1=3.194936e-02;
test_error_RBF=1.930479e-02;
train_error_RBF=1.937866e-02;