task_id=3;
center=19;
test_error_HBF1=3.087573e-02;
train_error_HBF1=3.013986e-02;
test_error_RBF=3.081283e-02;
train_error_RBF=2.982690e-02;