task_id=20;
center=180;
test_error_HBF1=3.071083e-02;
train_error_HBF1=3.009132e-02;
test_error_RBF=6.966572e-03;
train_error_RBF=6.542606e-03;