task_id=15;
center=132;
test_error_HBF1=3.113366e-02;
train_error_HBF1=2.984743e-02;
test_error_RBF=2.766051e-02;
train_error_RBF=2.607123e-02;