task_id=11;
center=95;
test_error_HBF1=3.090695e-02;
train_error_HBF1=2.965932e-02;
test_error_RBF=2.366447e-02;
train_error_RBF=2.206512e-02;