task_id=8;
center=66;
test_error_HBF1=3.174787e-02;
train_error_HBF1=3.066489e-02;
test_error_RBF=2.955860e-02;
train_error_RBF=2.885351e-02;