task_id=18;
center=161;
test_error_HBF1=3.135834e-02;
train_error_HBF1=2.994498e-02;
test_error_RBF=2.002215e-02;
train_error_RBF=2.006156e-02;