task_id=6;
center=48;
test_error_HBF1=3.129088e-02;
train_error_HBF1=2.992466e-02;
test_error_RBF=2.964295e-02;
train_error_RBF=2.914481e-02;