task_id=5;
center=38;
test_error_HBF1=3.083471e-02;
train_error_HBF1=2.947457e-02;
test_error_RBF=2.949808e-02;
train_error_RBF=2.879085e-02;