task_id=10;
center=85;
test_error_HBF1=3.103796e-02;
train_error_HBF1=2.974943e-02;
test_error_RBF=2.698876e-02;
train_error_RBF=2.539078e-02;