task_id=16;
center=142;
test_error_HBF1=3.157729e-02;
train_error_HBF1=3.031493e-02;
test_error_RBF=2.611266e-02;
train_error_RBF=2.541171e-02;