task_id=19;
center=170;
test_error_HBF1=3.091628e-02;
train_error_HBF1=2.969564e-02;
test_error_RBF=1.069742e-02;
train_error_RBF=1.070838e-02;