task_id=14;
center=123;
test_error_HBF1=3.122378e-02;
train_error_HBF1=2.992107e-02;
test_error_RBF=2.168306e-02;
train_error_RBF=2.081240e-02;