task_id=12;
center=104;
test_error_HBF1=3.086368e-02;
train_error_HBF1=2.949471e-02;
test_error_RBF=2.476081e-02;
train_error_RBF=2.427088e-02;