task_id=7;
center=57;
test_error_HBF1=3.086621e-02;
train_error_HBF1=2.946713e-02;
test_error_RBF=2.995095e-02;
train_error_RBF=2.893872e-02;