task_id=4;
center=29;
test_error_HBF1=3.124042e-02;
train_error_HBF1=2.981153e-02;
test_error_RBF=3.116935e-02;
train_error_RBF=3.023070e-02;