task_id=18;
secs=1.121417e+03;
minutes=1.869028e+01;
hours=3.115047e-01;
iterations=40001;
center=161;
data_set= '../../../common/data/data_h_gabor_0.7_0.15_0.15_28000_6000_6000.mat' ;