task_id=7;
secs=7.990742e+02;
minutes=1.331790e+01;
hours=2.219651e-01;
iterations=40001;
center=57;
data_set= '../../../common/data/data_h_gabor_0.7_0.15_0.15_28000_6000_6000.mat' ;