task_id=3;
secs=2.797506e+02;
minutes=4.662510e+00;
hours=7.770849e-02;
iterations=40001;
center=19;
data_set= '../../../common/data/data_h_gabor_0.7_0.15_0.15_28000_6000_6000.mat' ;