task_id=4;
secs=5.276826e+02;
minutes=8.794710e+00;
hours=1.465785e-01;
iterations=40001;
center=29;
data_set= '../../../common/data/data_h_gabor_0.7_0.15_0.15_28000_6000_6000.mat' ;