task_id=9;
secs=9.591009e+02;
minutes=1.598501e+01;
hours=2.664169e-01;
iterations=40001;
center=76;
data_set= '../../../common/data/data_h_gabor_0.7_0.15_0.15_28000_6000_6000.mat' ;