task_id=2;
secs=2.249696e+02;
minutes=3.749493e+00;
hours=6.249155e-02;
iterations=40001;
center=10;
data_set= '../../../common/data/data_h_gabor_0.7_0.15_0.15_28000_6000_6000.mat' ;