task_id=17;
secs=1.075285e+03;
minutes=1.792141e+01;
hours=2.986902e-01;
iterations=40001;
center=151;
data_set= '../../../common/data/data_h_gabor_0.7_0.15_0.15_28000_6000_6000.mat' ;