task_id=12;
secs=1.402468e+03;
minutes=2.337446e+01;
hours=3.895744e-01;
iterations=40001;
center=104;
data_set= '../../../common/data/data_h_gabor_0.7_0.15_0.15_28000_6000_6000.mat' ;