task_id=8;
center=135;
test_error_HBF1=4.502500e+03;
train_error_HBF1=4.407593e+03;
test_error_RBF=4.582042e+03;
train_error_RBF=4.485296e+03;