task_id=10;
center=173;
test_error_HBF1=4.480753e+03;
train_error_HBF1=4.385594e+03;
test_error_RBF=4.575849e+03;
train_error_RBF=4.478984e+03;