task_id=2;
center=20;
test_error_HBF1=4.589411e+03;
train_error_HBF1=4.492878e+03;
test_error_RBF=4.601804e+03;
train_error_RBF=4.504904e+03;