task_id=5;
center=77;
test_error_HBF1=4.554161e+03;
train_error_HBF1=4.458117e+03;
test_error_RBF=4.593428e+03;
train_error_RBF=4.496518e+03;