task_id=7;
center=116;
test_error_HBF1=4.518156e+03;
train_error_HBF1=4.423082e+03;
test_error_RBF=4.584661e+03;
train_error_RBF=4.487950e+03;