task_id=3;
center=39;
test_error_HBF1=4.575423e+03;
train_error_HBF1=4.479194e+03;
test_error_RBF=4.597779e+03;
train_error_RBF=4.500920e+03;