task_id=9;
center=154;
test_error_HBF1=4.497262e+03;
train_error_HBF1=4.401689e+03;
test_error_RBF=4.581860e+03;
train_error_RBF=4.485090e+03;