task_id=6;
center=97;
test_error_HBF1=4.532104e+03;
train_error_HBF1=4.435788e+03;
test_error_RBF=4.586007e+03;
train_error_RBF=4.488972e+03;