task_id=4;
center=58;
test_error_HBF1=4.555307e+03;
train_error_HBF1=4.459004e+03;
test_error_RBF=4.590980e+03;
train_error_RBF=4.494010e+03;