task_id=6;
secs=3.708650e+01;
minutes=6.181083e-01;
hours=1.030181e-02;
iterations=1000;
center=97;
data_set=../../../common/data/data_h_add_0.7_0.15_0.15_28000_6000_6000.mat;