task_id=8;
secs=5.374385e+01;
minutes=8.957309e-01;
hours=1.492885e-02;
iterations=1000;
center=135;
data_set=../../../common/data/data_h_add_0.7_0.15_0.15_28000_6000_6000.mat;