task_id=9;
secs=6.245663e+01;
minutes=1.040944e+00;
hours=1.734906e-02;
iterations=1000;
center=154;
data_set=../../../common/data/data_h_add_0.7_0.15_0.15_28000_6000_6000.mat;