task_id=10;
secs=7.159031e+01;
minutes=1.193172e+00;
hours=1.988620e-02;
iterations=1000;
center=173;
data_set=../../../common/data/data_h_add_0.7_0.15_0.15_28000_6000_6000.mat;