task_id=3;
secs=4.412888e+01;
minutes=7.354814e-01;
hours=1.225802e-02;
iterations=1000;
center=39;
data_set=../../../common/data/data_h_add_0.7_0.15_0.15_28000_6000_6000.mat;