task_id=7;
secs=4.772615e+01;
minutes=7.954358e-01;
hours=1.325726e-02;
iterations=1000;
center=116;
data_set=../../../common/data/data_h_add_0.7_0.15_0.15_28000_6000_6000.mat;