task_id=1;
secs=1.530393e+00;
minutes=2.550655e-02;
hours=4.251091e-04;
iterations=1000;
center=1;
data_set=../../../common/data/data_h_add_0.7_0.15_0.15_28000_6000_6000.mat;