task_id=2;
secs=7.950223e+00;
minutes=1.325037e-01;
hours=2.208395e-03;
iterations=1000;
center=20;
data_set=../../../common/data/data_h_add_0.7_0.15_0.15_28000_6000_6000.mat;