center=79;
test_error=1.000211e+00;
train_errorcenter=1.000222e+00;