task_id=8;
center=66;
test_error_HBF1=3.418959e-02;
train_error_HBF1=3.384705e-02;
test_error_RBF=3.166690e-02;
train_error_RBF=3.081899e-02;