task_id=13;
center=114;
test_error_HBF1=3.303318e-02;
train_error_HBF1=3.238274e-02;
test_error_RBF=3.163740e-02;
train_error_RBF=3.076199e-02;