task_id=4;
center=29;
test_error_HBF1=3.262278e-02;
train_error_HBF1=3.162247e-02;
test_error_RBF=3.165990e-02;
train_error_RBF=3.082189e-02;