task_id=7;
center=57;
test_error_HBF1=3.285781e-02;
train_error_HBF1=3.209420e-02;
test_error_RBF=3.166548e-02;
train_error_RBF=3.082052e-02;