task_id=10;
center=85;
test_error_HBF1=3.440177e-02;
train_error_HBF1=3.416299e-02;
test_error_RBF=3.166871e-02;
train_error_RBF=3.081345e-02;