task_id=15;
secs=3.894915e+03;
minutes=6.491525e+01;
hours=1.081921e+00;
iterations=30800;
center=132;
data_set= '../../../common/data/data_h_gabor_0.7_0.15_0.15_28000_6000_6000.mat' ;