task_id=3;
secs=6.436078e+02;
minutes=1.072680e+01;
hours=1.787799e-01;
iterations=30800;
center=19;
data_set= '../../../common/data/data_h_gabor_0.7_0.15_0.15_28000_6000_6000.mat' ;