task_id=5;
secs=1.372021e+03;
minutes=2.286701e+01;
hours=3.811169e-01;
iterations=30800;
center=38;
data_set= '../../../common/data/data_h_gabor_0.7_0.15_0.15_28000_6000_6000.mat' ;