task_id=2;
secs=2.254921e+04;
minutes=3.758202e+02;
hours=6.263671e+00;
iterations=140000;
center=26;
data_set=../../../common/data/data_h_add_0.7_0.15_0.15_28000_6000_6000.mat;