task_id=2;
center=28;
test_error_HBF1=2.713208e+02;
train_error_HBF1=2.791433e+02;
test_error_RBF=3.510705e+01;
train_error_RBF=3.534490e+01;
