task_id=8;
center=194;
test_error_HBF1=4.806022e+02;
train_error_HBF1=4.752294e+02;
test_error_RBF=5.016485e+01;
train_error_RBF=4.914479e+01;
