task_id=5;
center=111;
test_error_HBF1=8.920028e+01;
train_error_HBF1=8.812491e+01;
test_error_RBF=1.045759e+02;
train_error_RBF=8.595298e+01;
