task_id=6;
center=139;
test_error_HBF1=8.919669e+01;
train_error_HBF1=8.812132e+01;
test_error_RBF=1.077853e+02;
train_error_RBF=8.456811e+01;
