task_id=7;
center=167;
test_error_HBF1=6.048732e+02;
train_error_HBF1=6.767094e+02;
test_error_RBF=5.539334e+01;
train_error_RBF=5.440917e+01;
