task_id=3;
center=56;
test_error_HBF1=8.920028e+01;
train_error_HBF1=8.812491e+01;
test_error_RBF=8.929264e+01;
train_error_RBF=8.659608e+01;
