task_id=4;
center=84;
test_error_HBF1=8.920028e+01;
train_error_HBF1=8.812491e+01;
test_error_RBF=9.413398e+01;
train_error_RBF=8.634155e+01;
