task_id=9;
center=222;
test_error_HBF1=3.583689e+03;
train_error_HBF1=3.769132e+03;
test_error_RBF=2.045479e+01;
train_error_RBF=2.070152e+01;
