task_id=10;
center=250;
test_error_HBF1=3.419911e+03;
train_error_HBF1=3.558407e+03;
test_error_RBF=2.092557e+01;
train_error_RBF=2.129166e+01;
