task_id=8;
secs=2.514500e+02;
minutes=4.190833e+00;
hours=6.984722e-02;
iterations=2500;
center=194;
data_set= '../../../common/data/data_MNIST_0.7_0.15_0.15_49000_10500_10500.mat' ;