task_id=7;
secs=2.395429e+02;
minutes=3.992381e+00;
hours=6.653969e-02;
iterations=2500;
center=167;
data_set= '../../../common/data/data_MNIST_0.7_0.15_0.15_49000_10500_10500.mat' ;