task_id=5;
secs=1.957789e+02;
minutes=3.262981e+00;
hours=5.438301e-02;
iterations=2500;
center=111;
data_set= '../../../common/data/data_MNIST_0.7_0.15_0.15_49000_10500_10500.mat' ;