task_id=2;
secs=3.315257e+02;
minutes=5.525428e+00;
hours=9.209046e-02;
iterations=2500;
center=28;
data_set= '../../../common/data/data_MNIST_0.7_0.15_0.15_49000_10500_10500.mat' ;