task_id=1;
secs=1.169336e+02;
minutes=1.948894e+00;
hours=3.248156e-02;
iterations=2500;
center=1;
data_set= '../../../common/data/data_MNIST_0.7_0.15_0.15_49000_10500_10500.mat' ;