task_id=9;
secs=2.623210e+02;
minutes=4.372017e+00;
hours=7.286695e-02;
iterations=2500;
center=222;
data_set= '../../../common/data/data_MNIST_0.7_0.15_0.15_49000_10500_10500.mat' ;