task_id=3;
secs=1.639651e+02;
minutes=2.732752e+00;
hours=4.554587e-02;
iterations=2500;
center=56;
data_set= '../../../common/data/data_MNIST_0.7_0.15_0.15_49000_10500_10500.mat' ;