task_id=6;
secs=1.798157e+02;
minutes=2.996928e+00;
hours=4.994880e-02;
iterations=2500;
center=139;
data_set= '../../../common/data/data_MNIST_0.7_0.15_0.15_49000_10500_10500.mat' ;