task_id=4;
secs=3.750332e+02;
minutes=6.250554e+00;
hours=1.041759e-01;
iterations=2500;
center=84;
data_set= '../../../common/data/data_MNIST_0.7_0.15_0.15_49000_10500_10500.mat' ;