task_id=8;
center=66;
test_error_HBF1=3.135555e-02;
train_error_HBF1=3.011487e-02;
test_error_RBF=2.999252e-02;
train_error_RBF=2.926174e-02;