task_id=10;
center=85;
test_error_HBF1=3.138205e-02;
train_error_HBF1=3.010475e-02;
test_error_RBF=2.785205e-02;
train_error_RBF=2.640143e-02;