task_id=12;
center=104;
test_error_HBF1=3.127070e-02;
train_error_HBF1=3.009889e-02;
test_error_RBF=2.603191e-02;
train_error_RBF=2.546115e-02;