task_id=16;
secs=1.028851e+03;
minutes=1.714751e+01;
hours=2.857918e-01;
iterations=40001;
center=142;
data_set= '../../../common/data/data_h_gabor_0.7_0.15_0.15_28000_6000_6000.mat' ;