task_id=9;
secs=9.806711e+02;
minutes=1.634452e+01;
hours=2.724086e-01;
iterations=40001;
center=76;
data_set= '../../../common/data/data_h_gabor_0.7_0.15_0.15_28000_6000_6000.mat' ;