task_id=10;
secs=1.052906e+03;
minutes=1.754843e+01;
hours=2.924739e-01;
iterations=40001;
center=85;
data_set= '../../../common/data/data_h_gabor_0.7_0.15_0.15_28000_6000_6000.mat' ;