task_id=18;
secs=1.152661e+03;
minutes=1.921102e+01;
hours=3.201837e-01;
iterations=40001;
center=161;
data_set= '../../../common/data/data_h_gabor_0.7_0.15_0.15_28000_6000_6000.mat' ;