task_id=8;
secs=8.756735e+02;
minutes=1.459456e+01;
hours=2.432426e-01;
iterations=40001;
center=66;
data_set= '../../../common/data/data_h_gabor_0.7_0.15_0.15_28000_6000_6000.mat' ;