task_id=15;
secs=1.440844e+03;
minutes=2.401407e+01;
hours=4.002345e-01;
iterations=40001;
center=132;
data_set= '../../../common/data/data_h_gabor_0.7_0.15_0.15_28000_6000_6000.mat' ;