task_id=17;
secs=1.102851e+03;
minutes=1.838086e+01;
hours=3.063476e-01;
iterations=40001;
center=151;
data_set= '../../../common/data/data_h_gabor_0.7_0.15_0.15_28000_6000_6000.mat' ;