task_id=13;
secs=1.533041e+03;
minutes=2.555069e+01;
hours=4.258448e-01;
iterations=40001;
center=114;
data_set= '../../../common/data/data_h_gabor_0.7_0.15_0.15_28000_6000_6000.mat' ;