task_id=19;
secs=1.207848e+03;
minutes=2.013080e+01;
hours=3.355133e-01;
iterations=40001;
center=170;
data_set= '../../../common/data/data_h_gabor_0.7_0.15_0.15_28000_6000_6000.mat' ;