task_id=12;
secs=1.163711e+03;
minutes=1.939519e+01;
hours=3.232531e-01;
iterations=40001;
center=104;
data_set= '../../../common/data/data_h_gabor_0.7_0.15_0.15_28000_6000_6000.mat' ;