task_id=3;
secs=2.788019e+02;
minutes=4.646698e+00;
hours=7.744496e-02;
iterations=40001;
center=19;
data_set= '../../../common/data/data_h_gabor_0.7_0.15_0.15_28000_6000_6000.mat' ;