task_id=1;
secs=1.838185e+02;
minutes=3.063642e+00;
hours=5.106071e-02;
iterations=40001;
center=1;
data_set= '../../../common/data/data_h_gabor_0.7_0.15_0.15_28000_6000_6000.mat' ;