task_id=14;
secs=1.336969e+03;
minutes=2.228282e+01;
hours=3.713803e-01;
iterations=40001;
center=123;
data_set= '../../../common/data/data_h_gabor_0.7_0.15_0.15_28000_6000_6000.mat' ;