task_id=4;
secs=3.516050e+02;
minutes=5.860084e+00;
hours=9.766806e-02;
iterations=40001;
center=29;
data_set= '../../../common/data/data_h_gabor_0.7_0.15_0.15_28000_6000_6000.mat' ;