task_id=2;
center=10;
test_error_HBF1=9.999569e-01;
train_error_HBF1=9.999349e-01;
test_error_RBF=9.997950e-01;
train_error_RBF=9.996313e-01;