task_id=5;
center=38;
test_error_HBF1=1.000032e+00;
train_error_HBF1=9.998123e-01;
test_error_RBF=1.000091e+00;
train_error_RBF=9.986969e-01;