task_id=17;
center=151;
test_error_HBF1=9.999553e-01;
train_error_HBF1=9.996087e-01;
test_error_RBF=1.000423e+00;
train_error_RBF=9.947581e-01;