task_id=12;
center=104;
test_error_HBF1=1.000033e+00;
train_error_HBF1=9.996008e-01;
test_error_RBF=1.000585e+00;
train_error_RBF=9.963076e-01;