task_id=20;
center=180;
test_error_HBF1=9.998957e-01;
train_error_HBF1=9.993012e-01;
test_error_RBF=9.998100e-01;
train_error_RBF=9.934472e-01;