task_id=13;
center=114;
test_error_HBF1=1.000080e+00;
train_error_HBF1=9.996423e-01;
test_error_RBF=1.000069e+00;
train_error_RBF=9.962264e-01;