task_id=4;
center=29;
test_error_HBF1=1.000055e+00;
train_error_HBF1=9.999443e-01;
test_error_RBF=1.000024e+00;
train_error_RBF=9.989954e-01;