task_id=6;
center=48;
test_error_HBF1=9.999059e-01;
train_error_HBF1=9.997765e-01;
test_error_RBF=9.997771e-01;
train_error_RBF=9.984619e-01;