task_id=14;
center=123;
test_error_HBF1=9.999811e-01;
train_error_HBF1=9.994248e-01;
test_error_RBF=1.000352e+00;
train_error_RBF=9.957091e-01;