task_id=19;
center=170;
test_error_HBF1=1.000032e+00;
train_error_HBF1=9.994048e-01;
test_error_RBF=1.000476e+00;
train_error_RBF=9.939200e-01;