task_id=18;
center=161;
test_error_HBF1=9.999675e-01;
train_error_HBF1=9.993089e-01;
test_error_RBF=1.000715e+00;
train_error_RBF=9.944046e-01;