task_id=7;
center=57;
test_error_HBF1=1.000007e+00;
train_error_HBF1=9.997691e-01;
test_error_RBF=1.000302e+00;
train_error_RBF=9.980011e-01;