task_id=3;
center=19;
test_error_HBF1=1.000080e+00;
train_error_HBF1=9.998344e-01;
test_error_RBF=9.999303e-01;
train_error_RBF=9.993229e-01;