task_id=11;
center=95;
test_error_HBF1=9.999061e-01;
train_error_HBF1=9.994830e-01;
test_error_RBF=9.997682e-01;
train_error_RBF=9.962547e-01;