task_id=9;
center=76;
test_error_HBF1=9.999618e-01;
train_error_HBF1=9.996984e-01;
test_error_RBF=1.000045e+00;
train_error_RBF=9.972782e-01;