task_id=16;
center=142;
test_error_HBF1=9.999573e-01;
train_error_HBF1=9.994095e-01;
test_error_RBF=9.999633e-01;
train_error_RBF=9.943537e-01;