task_id=10;
center=85;
test_error_HBF1=9.999370e-01;
train_error_HBF1=9.996344e-01;
test_error_RBF=1.000659e+00;
train_error_RBF=9.969908e-01;