task_id=8;
center=66;
test_error_HBF1=1.000039e+00;
train_error_HBF1=9.995136e-01;
test_error_RBF=9.999733e-01;
train_error_RBF=9.977750e-01;