task_id=15;
center=132;
test_error_HBF1=1.000078e+00;
train_error_HBF1=9.995959e-01;
test_error_RBF=1.000436e+00;
train_error_RBF=9.955186e-01;