task_id=18;
secs=1.278223e+03;
minutes=2.130372e+01;
hours=3.550620e-01;
iterations=28000;
center=161;
data_set= '../../../common/data/data_h_D10_x2sinx2_0.7_0.15_0.15_28000_6000_6000.mat' ;