task_id=12;
secs=9.251321e+02;
minutes=1.541887e+01;
hours=2.569811e-01;
iterations=28000;
center=104;
data_set= '../../../common/data/data_h_D10_x2sinx2_0.7_0.15_0.15_28000_6000_6000.mat' ;