task_id=2;
secs=1.834033e+02;
minutes=3.056722e+00;
hours=5.094537e-02;
iterations=28000;
center=10;
data_set= '../../../common/data/data_h_D10_x2sinx2_0.7_0.15_0.15_28000_6000_6000.mat' ;