task_id=14;
secs=1.015302e+03;
minutes=1.692170e+01;
hours=2.820284e-01;
iterations=28000;
center=123;
data_set= '../../../common/data/data_h_D10_x2sinx2_0.7_0.15_0.15_28000_6000_6000.mat' ;