task_id=10;
secs=7.836453e+02;
minutes=1.306075e+01;
hours=2.176792e-01;
iterations=28000;
center=85;
data_set= '../../../common/data/data_h_D10_x2sinx2_0.7_0.15_0.15_28000_6000_6000.mat' ;