task_id=15;
secs=1.089893e+03;
minutes=1.816489e+01;
hours=3.027481e-01;
iterations=28000;
center=132;
data_set= '../../../common/data/data_h_D10_x2sinx2_0.7_0.15_0.15_28000_6000_6000.mat' ;