task_id=4;
secs=2.632086e+02;
minutes=4.386810e+00;
hours=7.311349e-02;
iterations=28000;
center=29;
data_set= '../../../common/data/data_h_D10_x2sinx2_0.7_0.15_0.15_28000_6000_6000.mat' ;