task_id=7;
secs=5.946760e+02;
minutes=9.911266e+00;
hours=1.651878e-01;
iterations=28000;
center=57;
data_set= '../../../common/data/data_h_D10_x2sinx2_0.7_0.15_0.15_28000_6000_6000.mat' ;