task_id=14;
center=123;
test_error_HBF1=3.025560e-02;
train_error_HBF1=2.874873e-02;
test_error_RBF=2.135246e-02;
train_error_RBF=2.056028e-02;