task_id=11;
center=95;
test_error_HBF1=3.006655e-02;
train_error_HBF1=2.860453e-02;
test_error_RBF=2.264279e-02;
train_error_RBF=2.095878e-02;