task_id=10;
center=85;
test_error_HBF1=3.019768e-02;
train_error_HBF1=2.884630e-02;
test_error_RBF=2.626291e-02;
train_error_RBF=2.459192e-02;