task_id=16;
center=142;
test_error_HBF1=3.102871e-02;
train_error_HBF1=2.964974e-02;
test_error_RBF=2.566302e-02;
train_error_RBF=2.504387e-02;