task_id=8;
center=66;
test_error_HBF1=3.008582e-02;
train_error_HBF1=2.897295e-02;
test_error_RBF=2.925313e-02;
train_error_RBF=2.853926e-02;