task_id=7;
center=57;
test_error_HBF1=3.021560e-02;
train_error_HBF1=2.879228e-02;
test_error_RBF=2.967628e-02;
train_error_RBF=2.874172e-02;