task_id=9;
center=76;
test_error_HBF1=3.014490e-02;
train_error_HBF1=2.872779e-02;
test_error_RBF=2.773042e-02;
train_error_RBF=2.596682e-02;