task_id=17;
center=151;
test_error_HBF1=3.023417e-02;
train_error_HBF1=2.884132e-02;
test_error_RBF=1.882215e-02;
train_error_RBF=1.896518e-02;