task_id=19;
center=170;
test_error_HBF1=3.026908e-02;
train_error_HBF1=2.888521e-02;
test_error_RBF=1.126521e-02;
train_error_RBF=1.120099e-02;