task_id=3;
center=19;
test_error_HBF1=3.039805e-02;
train_error_HBF1=2.964508e-02;
test_error_RBF=3.050812e-02;
train_error_RBF=2.953411e-02;