task_id=12;
center=104;
test_error_HBF1=2.992752e-02;
train_error_HBF1=2.856436e-02;
test_error_RBF=2.386909e-02;
train_error_RBF=2.345940e-02;