task_id=18;
center=161;
test_error_HBF1=3.156139e-02;
train_error_HBF1=3.008697e-02;
test_error_RBF=2.006726e-02;
train_error_RBF=2.008670e-02;