task_id=6;
center=48;
test_error_HBF1=3.050309e-02;
train_error_HBF1=2.910652e-02;
test_error_RBF=2.945744e-02;
train_error_RBF=2.885537e-02;