task_id=5;
center=38;
test_error_HBF1=3.003846e-02;
train_error_HBF1=2.864389e-02;
test_error_RBF=2.889032e-02;
train_error_RBF=2.815325e-02;