task_id=15;
center=132;
test_error_HBF1=3.060677e-02;
train_error_HBF1=2.907142e-02;
test_error_RBF=2.720514e-02;
train_error_RBF=2.559970e-02;