task_id=2;
center=10;
test_error_HBF1=3.171533e-02;
train_error_HBF1=3.089212e-02;
test_error_RBF=3.162679e-02;
train_error_RBF=3.082766e-02;