task_id=13;
center=114;
test_error_HBF1=3.087968e-02;
train_error_HBF1=2.928394e-02;
test_error_RBF=2.446819e-02;
train_error_RBF=2.262282e-02;