task_id=4;
center=29;
test_error_HBF1=3.051675e-02;
train_error_HBF1=2.907601e-02;
test_error_RBF=3.098522e-02;
train_error_RBF=3.005796e-02;