task_id=20;
center=180;
test_error_HBF1=2.991504e-02;
train_error_HBF1=2.932231e-02;
test_error_RBF=7.834112e-03;
train_error_RBF=7.440484e-03;