task_id=8;
secs=5.972020e+02;
minutes=9.953367e+00;
hours=1.658894e-01;
iterations=40001;
center=66;
data_set= '../../../common/data/data_h_gabor_0.7_0.15_0.15_28000_6000_6000.mat' ;