task_id=20;
secs=1.959260e+03;
minutes=3.265434e+01;
hours=5.442390e-01;
iterations=40001;
center=180;
data_set= '../../../common/data/data_h_gabor_0.7_0.15_0.15_28000_6000_6000.mat' ;