task_id=11;
secs=1.089881e+03;
minutes=1.816469e+01;
hours=3.027448e-01;
iterations=40001;
center=95;
data_set= '../../../common/data/data_h_gabor_0.7_0.15_0.15_28000_6000_6000.mat' ;