task_id=15;
secs=9.511450e+02;
minutes=1.585242e+01;
hours=2.642069e-01;
iterations=40001;
center=132;
data_set= '../../../common/data/data_h_gabor_0.7_0.15_0.15_28000_6000_6000.mat' ;