task_id=1;
secs=1.777208e+02;
minutes=2.962014e+00;
hours=4.936690e-02;
iterations=40001;
center=1;
data_set= '../../../common/data/data_h_gabor_0.7_0.15_0.15_28000_6000_6000.mat' ;