task_id=18;
secs=1.615202e+03;
minutes=2.692004e+01;
hours=4.486673e-01;
iterations=40001;
center=161;
data_set= '../../../common/data/data_h_gabor_0.7_0.15_0.15_28000_6000_6000.mat' ;