task_id=13;
secs=1.256942e+03;
minutes=2.094903e+01;
hours=3.491505e-01;
iterations=40001;
center=114;
data_set= '../../../common/data/data_h_gabor_0.7_0.15_0.15_28000_6000_6000.mat' ;