task_id=13;
secs=1.896274e+04;
minutes=3.160457e+02;
hours=5.267428e+00;
iterations=591312;
center=114;
data_set= '../../../common/data/data_h_gabor_0.7_0.15_0.15_28000_6000_6000.mat' ;