task_id=11;
secs=1.590220e+04;
minutes=2.650367e+02;
hours=4.417278e+00;
iterations=591312;
center=95;
data_set= '../../../common/data/data_h_gabor_0.7_0.15_0.15_28000_6000_6000.mat' ;