task_id=2;
secs=3.313549e+03;
minutes=5.522582e+01;
hours=9.204303e-01;
iterations=591312;
center=10;
data_set= '../../../common/data/data_h_gabor_0.7_0.15_0.15_28000_6000_6000.mat' ;