task_id=5;
secs=6.120994e+03;
minutes=1.020166e+02;
hours=1.700276e+00;
iterations=591312;
center=38;
data_set= '../../../common/data/data_h_gabor_0.7_0.15_0.15_28000_6000_6000.mat' ;