task_id=6;
center=22;
test_error_HBF1=1.121073e+00;
train_error_HBF1=1.220356e+00;
test_error_RBF=2.859740e-01;
train_error_RBF=2.660856e-01;