task_id=9;
center=35;
test_error_HBF1=1.094852e+00;
train_error_HBF1=1.185992e+00;
test_error_RBF=2.168153e-01;
train_error_RBF=1.974831e-01;