task_id=3;
center=120;
test_error_HBF1=1.708316e+01;
train_error_HBF1=1.662242e+01;
test_error_RBF=9.629156e+01;
train_error_RBF=8.954810e+01;