task_id=4;
secs=4.138190e+04;
minutes=6.896983e+02;
hours=1.149497e+01;
iterations=42000;
center=180;
data_set= '../../../common/data/data_h_add_0.7_0.15_0.15_28000_6000_6000.mat' ;