task_id=1;
secs=1.179361e+03;
minutes=1.965602e+01;
hours=3.276004e-01;
iterations=42000;
center=1;
data_set= '../../../common/data/data_h_add_0.7_0.15_0.15_28000_6000_6000.mat' ;