task_id=8;
center=194;
test_error_HBF1=5.599802e+01;
train_error_HBF1=5.587075e+01;
test_error_RBF=2.524998e+00;
train_error_RBF=2.566734e+00;
