task_id=6;
center=139;
test_error_HBF1=5.562335e+01;
train_error_HBF1=5.583774e+01;
test_error_RBF=4.001942e+00;
train_error_RBF=4.083675e+00;
