task_id=10;
center=250;
test_error_HBF1=5.613100e+01;
train_error_HBF1=5.625491e+01;
test_error_RBF=1.636096e+00;
train_error_RBF=1.660141e+00;
