task_id=3;
center=56;
test_error_HBF1=5.354737e+01;
train_error_HBF1=5.351198e+01;
test_error_RBF=1.083792e+01;
train_error_RBF=1.109639e+01;
