task_id=4;
center=84;
test_error_HBF1=5.628692e+01;
train_error_HBF1=5.631134e+01;
test_error_RBF=7.193565e+00;
train_error_RBF=7.387539e+00;
