task_id=7;
center=167;
test_error_HBF1=5.521548e+01;
train_error_HBF1=5.519273e+01;
test_error_RBF=3.152436e+00;
train_error_RBF=3.207304e+00;
