task_id=9;
center=222;
test_error_HBF1=5.722355e+01;
train_error_HBF1=5.738736e+01;
test_error_RBF=2.018907e+00;
train_error_RBF=2.044042e+00;
