task_id=5;
center=111;
test_error_HBF1=5.426951e+01;
train_error_HBF1=5.429331e+01;
test_error_RBF=5.205172e+00;
train_error_RBF=5.333935e+00;
