task_id=2;
center=28;
test_error_HBF1=5.343103e+01;
train_error_HBF1=5.337054e+01;
test_error_RBF=1.841298e+01;
train_error_RBF=1.880029e+01;
