task_id=2;
secs=1.847799e+04;
minutes=3.079666e+02;
hours=5.132776e+00;
iterations=129360;
center=28;
data_set= '../../../common/data/data_MNIST_0.7_0.15_0.15_49000_10500_10500.mat' ;