task_id=4;
secs=2.625607e+04;
minutes=4.376011e+02;
hours=7.293352e+00;
iterations=129360;
center=84;
data_set= '../../../common/data/data_MNIST_0.7_0.15_0.15_49000_10500_10500.mat' ;