task_id=1;
secs=1.669575e+04;
minutes=2.782625e+02;
hours=4.637709e+00;
iterations=129360;
center=1;
data_set= '../../../common/data/data_MNIST_0.7_0.15_0.15_49000_10500_10500.mat' ;