task_id=7;
secs=1.345186e+04;
minutes=2.241977e+02;
hours=3.736629e+00;
iterations=129360;
center=167;
data_set= '../../../common/data/data_MNIST_0.7_0.15_0.15_49000_10500_10500.mat' ;