task_id=3;
secs=2.178466e+04;
minutes=3.630776e+02;
hours=6.051294e+00;
iterations=129360;
center=56;
data_set= '../../../common/data/data_MNIST_0.7_0.15_0.15_49000_10500_10500.mat' ;