task_id=9;
secs=1.578737e+04;
minutes=2.631228e+02;
hours=4.385381e+00;
iterations=129360;
center=222;
data_set= '../../../common/data/data_MNIST_0.7_0.15_0.15_49000_10500_10500.mat' ;