task_id=10;
secs=1.555166e+04;
minutes=2.591943e+02;
hours=4.319905e+00;
iterations=129360;
center=250;
data_set= '../../../common/data/data_MNIST_0.7_0.15_0.15_49000_10500_10500.mat' ;