task_id=8;
secs=1.439284e+04;
minutes=2.398807e+02;
hours=3.998011e+00;
iterations=129360;
center=194;
data_set= '../../../common/data/data_MNIST_0.7_0.15_0.15_49000_10500_10500.mat' ;