task_id=8;
secs=1.706305e+04;
minutes=2.843841e+02;
hours=4.739735e+00;
iterations=58800;
center=66;
data_set= '../../../common/data/data_h_gabor_0.7_0.15_0.15_28000_6000_6000.mat' ;