task_id=15;
center=15;
test_error_HBF1=9.998914e-01;
train_error_HBF1=9.998943e-01;
test_error_RBF=4.084033e-01;
train_error_RBF=3.971014e-01;