task_id=33;
center=33;
test_error_HBF1=1.000038e+00;
train_error_HBF1=1.000039e+00;
test_error_RBF=3.304902e-01;
train_error_RBF=3.282204e-01;