task_id=23;
center=23;
test_error_HBF1=1.000046e+00;
train_error_HBF1=1.000047e+00;
test_error_RBF=3.993992e-01;
train_error_RBF=4.018106e-01;