task_id=19;
center=19;
test_error_HBF1=1.000031e+00;
train_error_HBF1=1.000032e+00;
test_error_RBF=3.974541e-01;
train_error_RBF=3.881986e-01;