task_id=21;
center=21;
test_error_HBF1=1.000016e+00;
train_error_HBF1=1.000016e+00;
test_error_RBF=4.156576e-01;
train_error_RBF=4.197762e-01;