task_id=8;
center=82;
test_error_HBF1=8.770309e+01;
train_error_HBF1=8.678954e+01;
test_error_RBF=8.891348e+01;
train_error_RBF=8.774919e+01;