task_id=7;
center=70;
test_error_HBF1=8.805578e+01;
train_error_HBF1=8.713917e+01;
test_error_RBF=8.882568e+01;
train_error_RBF=8.773214e+01;