task_id=6;
center=59;
test_error_HBF1=8.814012e+01;
train_error_HBF1=8.719161e+01;
test_error_RBF=8.889713e+01;
train_error_RBF=8.781195e+01;