task_id=11;
center=117;
test_error_HBF1=8.747671e+01;
train_error_HBF1=8.657567e+01;
test_error_RBF=8.883755e+01;
train_error_RBF=8.766736e+01;