task_id=14;
center=152;
test_error_HBF1=8.726097e+01;
train_error_HBF1=8.636888e+01;
test_error_RBF=8.890510e+01;
train_error_RBF=8.761473e+01;