task_id=3;
center=24;
test_error_HBF1=8.894617e+01;
train_error_HBF1=8.790515e+01;
test_error_RBF=8.906803e+01;
train_error_RBF=8.801238e+01;