task_id=4;
center=35;
test_error_HBF1=8.828506e+01;
train_error_HBF1=8.729084e+01;
test_error_RBF=8.901160e+01;
train_error_RBF=8.793344e+01;