task_id=1;
secs=1.652893e+05;
minutes=2.754821e+03;
hours=4.591368e+01;
iterations=107800;
center=1;
data_set= '../../../common/data/data_MNIST_0.7_0.15_0.15_49000_10500_10500.mat' ;