task_id=15;
secs=3.676304e+05;
minutes=6.127173e+03;
hours=1.021195e+02;
iterations=107800;
center=163;
data_set= '../../../common/data/data_MNIST_0.7_0.15_0.15_49000_10500_10500.mat' ;