task_id=5;
secs=2.302419e+05;
minutes=3.837366e+03;
hours=6.395610e+01;
iterations=107800;
center=47;
data_set= '../../../common/data/data_MNIST_0.7_0.15_0.15_49000_10500_10500.mat' ;