task_id=8;
secs=1.262332e+00;
minutes=2.103886e-02;
hours=3.506477e-04;
iterations=1;
center=194;
data_set= '../../../common/data/data_MNIST_0.7_0.15_0.15_49000_10500_10500.mat' ;