task_id=9;
secs=1.265972e+00;
minutes=2.109954e-02;
hours=3.516590e-04;
iterations=1;
center=222;
data_set= '../../../common/data/data_MNIST_0.7_0.15_0.15_49000_10500_10500.mat' ;