task_id=2;
secs=1.288569e+00;
minutes=2.147615e-02;
hours=3.579358e-04;
iterations=1;
center=28;
data_set= '../../../common/data/data_MNIST_0.7_0.15_0.15_49000_10500_10500.mat' ;