task_id=6;
secs=1.262931e+00;
minutes=2.104885e-02;
hours=3.508142e-04;
iterations=1;
center=139;
data_set= '../../../common/data/data_MNIST_0.7_0.15_0.15_49000_10500_10500.mat' ;