task_id=5;
secs=1.241589e+00;
minutes=2.069315e-02;
hours=3.448858e-04;
iterations=1;
center=111;
data_set= '../../../common/data/data_MNIST_0.7_0.15_0.15_49000_10500_10500.mat' ;