task_id=4;
secs=1.263407e+00;
minutes=2.105678e-02;
hours=3.509463e-04;
iterations=1;
center=84;
data_set= '../../../common/data/data_MNIST_0.7_0.15_0.15_49000_10500_10500.mat' ;