task_id=10;
secs=1.292101e+00;
minutes=2.153502e-02;
hours=3.589170e-04;
iterations=1;
center=250;
data_set= '../../../common/data/data_MNIST_0.7_0.15_0.15_49000_10500_10500.mat' ;