task_id=7;
secs=1.242600e+00;
minutes=2.071001e-02;
hours=3.451668e-04;
iterations=1;
center=167;
data_set= '../../../common/data/data_MNIST_0.7_0.15_0.15_49000_10500_10500.mat' ;