task_id=15;
center=132;
test_error_HBF1=1.585684e+01;
train_error_HBF1=1.542094e+01;
test_error_RBF=6.414319e+01;
train_error_RBF=6.450300e+01;