task_id=3;
secs=6.442190e+03;
minutes=1.073698e+02;
hours=1.789497e+00;
iterations=42000;
center=19;
data_set= '../../../common/data/data_h_add_0.7_0.15_0.15_28000_6000_6000.mat' ;