task_id=1;
secs=1.100071e+03;
minutes=1.833452e+01;
hours=3.055753e-01;
iterations=42000;
center=1;
data_set= '../../../common/data/data_h_add_0.7_0.15_0.15_28000_6000_6000.mat' ;