task_id=17;
secs=3.421691e+04;
minutes=5.702819e+02;
hours=9.504699e+00;
iterations=42000;
center=151;
data_set= '../../../common/data/data_h_add_0.7_0.15_0.15_28000_6000_6000.mat' ;