task_id=10;
secs=2.060131e+04;
minutes=3.433551e+02;
hours=5.722586e+00;
iterations=42000;
center=85;
data_set= '../../../common/data/data_h_add_0.7_0.15_0.15_28000_6000_6000.mat' ;