task_id=9;
secs=2.405405e+04;
minutes=4.009008e+02;
hours=6.681679e+00;
iterations=42000;
center=76;
data_set= '../../../common/data/data_h_add_0.7_0.15_0.15_28000_6000_6000.mat' ;