task_id=4;
secs=1.100512e+04;
minutes=1.834186e+02;
hours=3.056977e+00;
iterations=42000;
center=29;
data_set= '../../../common/data/data_h_add_0.7_0.15_0.15_28000_6000_6000.mat' ;