task_id=3;
center=19;
test_error_HBF1=3.094291e-02;
train_error_HBF1=3.020131e-02;
test_error_RBF=3.131609e-02;
train_error_RBF=3.033814e-02;