task_id=6;
center=48;
test_error_HBF1=3.081768e-02;
train_error_HBF1=2.995915e-02;
test_error_RBF=2.975998e-02;
train_error_RBF=2.929023e-02;