task_id=10;
center=85;
test_error_HBF1=3.085642e-02;
train_error_HBF1=3.016156e-02;
test_error_RBF=2.495953e-02;
train_error_RBF=2.438370e-02;