task_id=8;
center=66;
test_error_HBF1=3.055593e-02;
train_error_HBF1=2.987049e-02;
test_error_RBF=2.289537e-02;
train_error_RBF=2.174375e-02;