task_id=5;
center=38;
test_error_HBF1=3.020564e-02;
train_error_HBF1=2.968986e-02;
test_error_RBF=2.752587e-02;
train_error_RBF=2.731338e-02;