task_id=9;
center=76;
test_error_HBF1=3.042651e-02;
train_error_HBF1=3.001010e-02;
test_error_RBF=2.738827e-02;
train_error_RBF=2.667534e-02;