task_id=4;
center=29;
test_error_HBF1=3.096680e-02;
train_error_HBF1=3.036432e-02;
test_error_RBF=3.118251e-02;
train_error_RBF=3.042399e-02;