task_id=11;
center=95;
test_error_HBF1=3.068664e-02;
train_error_HBF1=2.993298e-02;
test_error_RBF=2.449980e-02;
train_error_RBF=2.409441e-02;