task_id=14;
center=123;
test_error_HBF1=3.065110e-02;
train_error_HBF1=3.012954e-02;
test_error_RBF=2.033751e-02;
train_error_RBF=2.005126e-02;