task_id=13;
center=114;
test_error_HBF1=3.058449e-02;
train_error_HBF1=2.990239e-02;
test_error_RBF=1.885983e-02;
train_error_RBF=1.859236e-02;