task_id=12;
center=104;
test_error_HBF1=3.054651e-02;
train_error_HBF1=2.987992e-02;
test_error_RBF=2.640998e-02;
train_error_RBF=2.595859e-02;