task_id=7;
center=57;
test_error_HBF1=3.021590e-02;
train_error_HBF1=2.970740e-02;
test_error_RBF=2.995000e-02;
train_error_RBF=2.931712e-02;