task_id=2;
center=10;
test_error_HBF1=3.061732e-02;
train_error_HBF1=3.011507e-02;
test_error_RBF=3.144117e-02;
train_error_RBF=3.055515e-02;