task_id=6;
secs=3.529833e+03;
minutes=5.883054e+01;
hours=9.805091e-01;
iterations=40001;
center=48;
data_set= '../../../common/data/data_h_gabor_0.7_0.15_0.15_28000_6000_6000.mat' ;