task_id=9;
secs=4.650844e+03;
minutes=7.751407e+01;
hours=1.291901e+00;
iterations=40001;
center=76;
data_set= '../../../common/data/data_h_gabor_0.7_0.15_0.15_28000_6000_6000.mat' ;