task_id=5;
secs=2.709719e+03;
minutes=4.516198e+01;
hours=7.526997e-01;
iterations=40001;
center=38;
data_set= '../../../common/data/data_h_gabor_0.7_0.15_0.15_28000_6000_6000.mat' ;