task_id=14;
secs=6.809248e+03;
minutes=1.134875e+02;
hours=1.891458e+00;
iterations=40001;
center=123;
data_set= '../../../common/data/data_h_gabor_0.7_0.15_0.15_28000_6000_6000.mat' ;