task_id=1;
secs=8.711905e+02;
minutes=1.451984e+01;
hours=2.419974e-01;
iterations=40001;
center=1;
data_set= '../../../common/data/data_h_gabor_0.7_0.15_0.15_28000_6000_6000.mat' ;