task_id=7;
center=167;
test_error_HBF1=8.684840e+01;
train_error_HBF1=8.571784e+01;
test_error_RBF=8.847964e+01;
train_error_RBF=8.730738e+01;