task_id=10;
center=250;
test_error_HBF1=8.639885e+01;
train_error_HBF1=8.513444e+01;
test_error_RBF=8.858624e+01;
train_error_RBF=8.724240e+01;