task_id=9;
center=222;
test_error_HBF1=8.640721e+01;
train_error_HBF1=8.513168e+01;
test_error_RBF=8.834044e+01;
train_error_RBF=8.706972e+01;