task_id=3;
center=56;
test_error_HBF1=8.768361e+01;
train_error_HBF1=8.664994e+01;
test_error_RBF=8.892771e+01;
train_error_RBF=8.784354e+01;