task_id=8;
secs=2.003209e+04;
minutes=3.338682e+02;
hours=5.564470e+00;
iterations=129360;
center=194;
data_set= '../../../common/data/data_MNIST_0.7_0.15_0.15_49000_10500_10500.mat' ;