task_id=9;
secs=2.183136e+04;
minutes=3.638560e+02;
hours=6.064267e+00;
iterations=129360;
center=222;
data_set= '../../../common/data/data_MNIST_0.7_0.15_0.15_49000_10500_10500.mat' ;