task_id=9;
secs=3.984429e+04;
minutes=6.640716e+02;
hours=1.106786e+01;
iterations=129360;
center=222;
data_set= '../../../common/data/data_MNIST_0.7_0.15_0.15_49000_10500_10500.mat' ;