task_id=5;
secs=2.446282e+04;
minutes=4.077136e+02;
hours=6.795227e+00;
iterations=129360;
center=111;
data_set= '../../../common/data/data_MNIST_0.7_0.15_0.15_49000_10500_10500.mat' ;