task_id=7;
secs=1.802238e+04;
minutes=3.003730e+02;
hours=5.006216e+00;
iterations=129360;
center=167;
data_set= '../../../common/data/data_MNIST_0.7_0.15_0.15_49000_10500_10500.mat' ;