task_id=2;
secs=9.601926e+03;
minutes=1.600321e+02;
hours=2.667202e+00;
iterations=129360;
center=28;
data_set= '../../../common/data/data_MNIST_0.7_0.15_0.15_49000_10500_10500.mat' ;