task_id=18;
center=161;
test_error_HBF1=1.334105e+01;
train_error_HBF1=1.348859e+01;
test_error_RBF=3.107416e-02;
train_error_RBF=3.013253e-02;