task_id=6;
center=48;
test_error_HBF1=4.333578e+00;
train_error_HBF1=4.386730e+00;
test_error_RBF=3.166270e-02;
train_error_RBF=3.082125e-02;