task_id=9;
secs=2.308130e+03;
minutes=3.846884e+01;
hours=6.411473e-01;
iterations=30800;
center=76;
data_set= '../../../common/data/data_h_gabor_0.7_0.15_0.15_28000_6000_6000.mat' ;