task_id=15;
secs=4.111551e+03;
minutes=6.852586e+01;
hours=1.142098e+00;
iterations=30800;
center=132;
data_set= '../../../common/data/data_h_gabor_0.7_0.15_0.15_28000_6000_6000.mat' ;