task_id=16;
secs=4.763225e+03;
minutes=7.938708e+01;
hours=1.323118e+00;
iterations=30800;
center=142;
data_set= '../../../common/data/data_h_gabor_0.7_0.15_0.15_28000_6000_6000.mat' ;