task_id=17;
secs=4.826570e+03;
minutes=8.044283e+01;
hours=1.340714e+00;
iterations=30800;
center=151;
data_set= '../../../common/data/data_h_gabor_0.7_0.15_0.15_28000_6000_6000.mat' ;