task_id=13;
center=114;
test_error_HBF1=1.588545e+01;
train_error_HBF1=1.593928e+01;
test_error_RBF=1.002102e+00;
train_error_RBF=9.960290e-01;