task_id=18;
secs=5.075286e+04;
minutes=8.458811e+02;
hours=1.409802e+01;
iterations=61600;
center=161;
data_set= '../../../common/data/data_h_D10_x2sinx2_0.7_0.15_0.15_28000_6000_6000.mat' ;