task_id=13;
secs=4.279243e+04;
minutes=7.132072e+02;
hours=1.188679e+01;
iterations=61600;
center=114;
data_set= '../../../common/data/data_h_D10_x2sinx2_0.7_0.15_0.15_28000_6000_6000.mat' ;