task_id=8;
secs=2.652932e+04;
minutes=4.421553e+02;
hours=7.369256e+00;
iterations=61600;
center=66;
data_set= '../../../common/data/data_h_D10_x2sinx2_0.7_0.15_0.15_28000_6000_6000.mat' ;