task_id=6;
secs=1.705416e+04;
minutes=2.842360e+02;
hours=4.737266e+00;
iterations=61600;
center=48;
data_set= '../../../common/data/data_h_D10_x2sinx2_0.7_0.15_0.15_28000_6000_6000.mat' ;