task_id=3;
secs=1.015719e+04;
minutes=1.692864e+02;
hours=2.821440e+00;
iterations=61600;
center=19;
data_set= '../../../common/data/data_h_D10_x2sinx2_0.7_0.15_0.15_28000_6000_6000.mat' ;