task_id=18;
center=440;
test_error_HBF1=1.003112e+00;
train_error_HBF1=1.003156e+00;
test_error_RBF=1.037717e-01;
train_error_RBF=9.159628e-02;