task_id=13;
center=114;
test_error_HBF1=2.496320e-02;
train_error_HBF1=2.323543e-02;
test_error_RBF=2.496320e-02;
train_error_RBF=2.323543e-02;