task_id=19;
center=170;
test_error_HBF1=9.900607e-03;
train_error_HBF1=9.953582e-03;
test_error_RBF=9.900607e-03;
train_error_RBF=9.953582e-03;