task_id=1;
secs=3.112599e+00;
minutes=5.187665e-02;
hours=8.646108e-04;
iterations=210;
center=1;
data_set= '../../../common/data/data_h_gabor_0.7_0.15_0.15_28000_6000_6000.mat' ;