task_id=6;
secs=1.219736e+01;
minutes=2.032894e-01;
hours=3.388157e-03;
iterations=210;
center=48;
data_set= '../../../common/data/data_h_gabor_0.7_0.15_0.15_28000_6000_6000.mat' ;