task_id=13;
secs=5.013338e+00;
minutes=8.355563e-02;
hours=1.392594e-03;
iterations=210;
center=114;
data_set= '../../../common/data/data_h_gabor_0.7_0.15_0.15_28000_6000_6000.mat' ;