task_id=20;
secs=4.621541e+00;
minutes=7.702568e-02;
hours=1.283761e-03;
iterations=210;
center=180;
data_set= '../../../common/data/data_h_gabor_0.7_0.15_0.15_28000_6000_6000.mat' ;