task_id=15;
secs=1.256006e+01;
minutes=2.093344e-01;
hours=3.488907e-03;
iterations=210;
center=132;
data_set= '../../../common/data/data_h_gabor_0.7_0.15_0.15_28000_6000_6000.mat' ;