task_id=8;
secs=4.673556e+00;
minutes=7.789260e-02;
hours=1.298210e-03;
iterations=210;
center=66;
data_set= '../../../common/data/data_h_gabor_0.7_0.15_0.15_28000_6000_6000.mat' ;