task_id=14;
secs=1.256042e+01;
minutes=2.093403e-01;
hours=3.489005e-03;
iterations=210;
center=123;
data_set= '../../../common/data/data_h_gabor_0.7_0.15_0.15_28000_6000_6000.mat' ;