task_id=11;
secs=1.221018e+01;
minutes=2.035030e-01;
hours=3.391716e-03;
iterations=210;
center=95;
data_set= '../../../common/data/data_h_gabor_0.7_0.15_0.15_28000_6000_6000.mat' ;