task_id=19;
secs=4.608559e+00;
minutes=7.680932e-02;
hours=1.280155e-03;
iterations=210;
center=170;
data_set= '../../../common/data/data_h_gabor_0.7_0.15_0.15_28000_6000_6000.mat' ;