task_id=17;
secs=6.839148e+00;
minutes=1.139858e-01;
hours=1.899763e-03;
iterations=210;
center=151;
data_set= '../../../common/data/data_h_gabor_0.7_0.15_0.15_28000_6000_6000.mat' ;