task_id=16;
secs=7.015091e+00;
minutes=1.169182e-01;
hours=1.948636e-03;
iterations=210;
center=142;
data_set= '../../../common/data/data_h_gabor_0.7_0.15_0.15_28000_6000_6000.mat' ;