task_id=3;
secs=3.451165e+00;
minutes=5.751942e-02;
hours=9.586569e-04;
iterations=210;
center=19;
data_set= '../../../common/data/data_h_gabor_0.7_0.15_0.15_28000_6000_6000.mat' ;