task_id=12;
secs=1.255937e+01;
minutes=2.093228e-01;
hours=3.488713e-03;
iterations=210;
center=104;
data_set= '../../../common/data/data_h_gabor_0.7_0.15_0.15_28000_6000_6000.mat' ;