task_id=18;
secs=5.820289e+00;
minutes=9.700482e-02;
hours=1.616747e-03;
iterations=210;
center=161;
data_set= '../../../common/data/data_h_gabor_0.7_0.15_0.15_28000_6000_6000.mat' ;