task_id=17;
center=151;
test_error_HBF1=3.266314e-02;
train_error_HBF1=3.135393e-02;
test_error_RBF=1.984481e-02;
train_error_RBF=1.978002e-02;