task_id=2;
center=10;
test_error_HBF1=3.167949e-02;
train_error_HBF1=3.087204e-02;
test_error_RBF=3.162748e-02;
train_error_RBF=3.082905e-02;