task_id=8;
secs=4.348268e+02;
minutes=7.247113e+00;
hours=1.207852e-01;
iterations=30800;
center=66;
data_set= '../../../common/data/data_h_gabor_0.7_0.15_0.15_28000_6000_6000.mat' ;