task_id=12;
secs=6.085240e+02;
minutes=1.014207e+01;
hours=1.690345e-01;
iterations=30800;
center=104;
data_set= '../../../common/data/data_h_gabor_0.7_0.15_0.15_28000_6000_6000.mat' ;