task_id=5;
secs=3.047735e+02;
minutes=5.079558e+00;
hours=8.465930e-02;
iterations=30800;
center=38;
data_set= '../../../common/data/data_h_gabor_0.7_0.15_0.15_28000_6000_6000.mat' ;