task_id=15;
secs=7.398014e+02;
minutes=1.233002e+01;
hours=2.055004e-01;
iterations=30800;
center=132;
data_set= '../../../common/data/data_h_gabor_0.7_0.15_0.15_28000_6000_6000.mat' ;