task_id=19;
secs=9.105942e+02;
minutes=1.517657e+01;
hours=2.529428e-01;
iterations=30800;
center=170;
data_set= '../../../common/data/data_h_gabor_0.7_0.15_0.15_28000_6000_6000.mat' ;