task_id=1;
center=10;
test_error_HBF1=8.918207e+01;
train_error_HBF1=8.811131e+01;
test_error_RBF=8.898448e+01;
train_error_RBF=8.797686e+01;