task_id=1;
center=10;
test_error_HBF1=8.917729e+01;
train_error_HBF1=8.810677e+01;
test_error_RBF=8.898448e+01;
train_error_RBF=8.797686e+01;