task_id=1;
secs=2.520667e+02;
minutes=4.201111e+00;
hours=7.001852e-02;
iterations=200;
center=10;
data_set= '../../../common/data/data_MNIST_0.7_0.15_0.15_49000_10500_10500.mat' ;