task_id=1;
secs=1.261546e+01;
minutes=2.102577e-01;
hours=3.504295e-03;
iterations=5;
center=10;
data_set= '../../../common/data/data_MNIST_0.7_0.15_0.15_49000_10500_10500.mat' ;