task_id=1;
center=10;
test_error_HBF1=9.212489e+01;
train_error_HBF1=8.637921e+01;
test_error_RBF=9.212329e+01;
train_error_RBF=8.548166e+01;