task_id=10;
secs=2.056993e+03;
minutes=3.428322e+01;
hours=5.713870e-01;
iterations=30800;
center=85;
data_set= '../../../common/data/data_h_gabor_0.7_0.15_0.15_28000_6000_6000.mat' ;