task_id=9;
secs=1.688045e+03;
minutes=2.813408e+01;
hours=4.689013e-01;
iterations=30800;
center=76;
data_set= '../../../common/data/data_h_gabor_0.7_0.15_0.15_28000_6000_6000.mat' ;