task_id=5;
center=180;
test_error_HBF1=8.909103e+01;
train_error_HBF1=8.807491e+01;
test_error_RBF=8.859327e+01;
train_error_RBF=8.732614e+01;