task_id=3;
center=90;
test_error_HBF1=8.909870e+01;
train_error_HBF1=8.806554e+01;
test_error_RBF=8.866020e+01;
train_error_RBF=8.761104e+01;