task_id=2;
center=45;
test_error_HBF1=8.914887e+01;
train_error_HBF1=8.809399e+01;
test_error_RBF=8.896930e+01;
train_error_RBF=8.790250e+01;