task_id=4;
center=135;
test_error_HBF1=8.917080e+01;
train_error_HBF1=8.813523e+01;
test_error_RBF=8.903283e+01;
train_error_RBF=8.774999e+01;