task_id=3;
secs=2.289729e+02;
minutes=3.816215e+00;
hours=6.360358e-02;
iterations=1000;
center=90;
data_set= '../../../common/data/data_MNIST_0.7_0.15_0.15_49000_10500_10500.mat' ;