task_id=1;
secs=1.205436e+02;
minutes=2.009061e+00;
hours=3.348435e-02;
iterations=1000;
center=1;
data_set= '../../../common/data/data_MNIST_0.7_0.15_0.15_49000_10500_10500.mat' ;