task_id=5;
secs=3.416801e+02;
minutes=5.694668e+00;
hours=9.491114e-02;
iterations=1000;
center=180;
data_set= '../../../common/data/data_MNIST_0.7_0.15_0.15_49000_10500_10500.mat' ;