task_id=4;
secs=2.809097e+02;
minutes=4.681828e+00;
hours=7.803046e-02;
iterations=1000;
center=135;
data_set= '../../../common/data/data_MNIST_0.7_0.15_0.15_49000_10500_10500.mat' ;