task_id=2;
secs=1.797687e+02;
minutes=2.996146e+00;
hours=4.993576e-02;
iterations=1000;
center=45;
data_set= '../../../common/data/data_MNIST_0.7_0.15_0.15_49000_10500_10500.mat' ;