task_id=12;
center=104;
test_error_HBF1=1.002729e+00;
train_error_HBF1=1.001957e+00;
test_error_RBF=1.001285e+00;
train_error_RBF=9.961481e-01;