task_id=16;
center=142;
test_error_HBF1=9.995411e-01;
train_error_HBF1=1.003219e+00;
test_error_RBF=1.001515e+00;
train_error_RBF=9.945945e-01;