task_id=10;
center=85;
test_error_HBF1=1.000724e+00;
train_error_HBF1=1.000857e+00;
test_error_RBF=1.001938e+00;
train_error_RBF=9.971303e-01;