task_id=6;
center=48;
test_error_HBF1=1.002513e+00;
train_error_HBF1=1.000878e+00;
test_error_RBF=1.001117e+00;
train_error_RBF=9.986053e-01;