task_id=20;
center=180;
test_error_HBF1=1.001840e+00;
train_error_HBF1=1.000846e+00;
test_error_RBF=1.004570e+00;
train_error_RBF=9.935667e-01;