task_id=19;
center=170;
test_error_HBF1=1.001999e+00;
train_error_HBF1=1.001265e+00;
test_error_RBF=1.001196e+00;
train_error_RBF=9.934566e-01;