task_id=11;
center=95;
test_error_HBF1=1.002647e+00;
train_error_HBF1=1.001500e+00;
test_error_RBF=1.002323e+00;
train_error_RBF=9.967804e-01;