task_id=14;
secs=4.591237e+04;
minutes=7.652062e+02;
hours=1.275344e+01;
iterations=61600;
center=123;
data_set= '../../../common/data/data_h_D10_x2sinx2_0.7_0.15_0.15_28000_6000_6000.mat' ;