task_id=12;
secs=3.871847e+04;
minutes=6.453078e+02;
hours=1.075513e+01;
iterations=61600;
center=104;
data_set= '../../../common/data/data_h_D10_x2sinx2_0.7_0.15_0.15_28000_6000_6000.mat' ;