task_id=20;
secs=5.275882e+04;
minutes=8.793136e+02;
hours=1.465523e+01;
iterations=61600;
center=180;
data_set= '../../../common/data/data_h_D10_x2sinx2_0.7_0.15_0.15_28000_6000_6000.mat' ;