task_id=10;
secs=2.761784e+04;
minutes=4.602974e+02;
hours=7.671623e+00;
iterations=61600;
center=85;
data_set= '../../../common/data/data_h_D10_x2sinx2_0.7_0.15_0.15_28000_6000_6000.mat' ;