task_id=1;
center=250;
test_error_HBF1=2.199231e+00;
train_error_HBF1=2.215033e+00;
test_error_RBF=1.616932e+00;
train_error_RBF=1.632783e+00;
