task_id=1;
secs=5.273226e+04;
minutes=8.788710e+02;
hours=1.464785e+01;
iterations=129360;
center=250;
data_set= '../../../common/data/data_MNIST_0.7_0.15_0.15_49000_10500_10500.mat' ;