task_id=5;
center=111;
test_error_HBF1=8.919689e+01;
train_error_HBF1=8.800634e+01;
test_error_RBF=8.884383e+01;
train_error_RBF=8.763530e+01;