task_id=7;
center=167;
test_error_HBF1=8.918755e+01;
train_error_HBF1=8.794615e+01;
test_error_RBF=8.869299e+01;
train_error_RBF=8.746732e+01;