task_id=9;
center=222;
test_error_HBF1=8.815610e+01;
train_error_HBF1=8.697690e+01;
test_error_RBF=8.820735e+01;
train_error_RBF=8.698676e+01;