task_id=6;
center=139;
test_error_HBF1=8.895504e+01;
train_error_HBF1=8.773674e+01;
test_error_RBF=8.851614e+01;
train_error_RBF=8.743212e+01;