task_id=10;
center=250;
test_error_HBF1=8.849562e+01;
train_error_HBF1=8.725413e+01;
test_error_RBF=8.824629e+01;
train_error_RBF=8.693205e+01;