task_id=4;
center=84;
test_error_HBF1=8.919980e+01;
train_error_HBF1=8.803918e+01;
test_error_RBF=8.897878e+01;
train_error_RBF=8.778083e+01;