task_id=8;
center=194;
test_error_HBF1=8.873943e+01;
train_error_HBF1=8.758444e+01;
test_error_RBF=8.808977e+01;
train_error_RBF=8.701521e+01;