task_id=3;
center=56;
test_error_HBF1=8.914574e+01;
train_error_HBF1=8.803331e+01;
test_error_RBF=8.867433e+01;
train_error_RBF=8.761904e+01;