task_id=2;
center=28;
test_error_HBF1=8.919998e+01;
train_error_HBF1=8.810201e+01;
test_error_RBF=8.907422e+01;
train_error_RBF=8.798693e+01;