task_id=3;
secs=7.173446e+03;
minutes=1.195574e+02;
hours=1.992624e+00;
iterations=83300;
center=56;
data_set= '../../../common/data/data_MNIST_0.7_0.15_0.15_49000_10500_10500.mat' ;