task_id=5;
secs=9.597897e+03;
minutes=1.599650e+02;
hours=2.666083e+00;
iterations=83300;
center=111;
data_set= '../../../common/data/data_MNIST_0.7_0.15_0.15_49000_10500_10500.mat' ;