task_id=8;
secs=1.311581e+04;
minutes=2.185968e+02;
hours=3.643279e+00;
iterations=83300;
center=194;
data_set= '../../../common/data/data_MNIST_0.7_0.15_0.15_49000_10500_10500.mat' ;