task_id=1;
secs=9.031284e+03;
minutes=1.505214e+02;
hours=2.508690e+00;
iterations=83300;
center=1;
data_set= '../../../common/data/data_MNIST_0.7_0.15_0.15_49000_10500_10500.mat' ;