task_id=2;
secs=1.213126e+04;
minutes=2.021877e+02;
hours=3.369795e+00;
iterations=83300;
center=28;
data_set= '../../../common/data/data_MNIST_0.7_0.15_0.15_49000_10500_10500.mat' ;