task_id=10;
secs=1.486005e+04;
minutes=2.476674e+02;
hours=4.127790e+00;
iterations=83300;
center=250;
data_set= '../../../common/data/data_MNIST_0.7_0.15_0.15_49000_10500_10500.mat' ;