task_id=4;
secs=8.633099e+03;
minutes=1.438850e+02;
hours=2.398083e+00;
iterations=83300;
center=84;
data_set= '../../../common/data/data_MNIST_0.7_0.15_0.15_49000_10500_10500.mat' ;