task_id=9;
secs=1.423547e+04;
minutes=2.372579e+02;
hours=3.954298e+00;
iterations=83300;
center=222;
data_set= '../../../common/data/data_MNIST_0.7_0.15_0.15_49000_10500_10500.mat' ;