task_id=7;
secs=1.219814e+04;
minutes=2.033023e+02;
hours=3.388372e+00;
iterations=83300;
center=167;
data_set= '../../../common/data/data_MNIST_0.7_0.15_0.15_49000_10500_10500.mat' ;