task_id=6;
secs=1.099280e+04;
minutes=1.832133e+02;
hours=3.053555e+00;
iterations=83300;
center=139;
data_set= '../../../common/data/data_MNIST_0.7_0.15_0.15_49000_10500_10500.mat' ;