task_id=2;
center=10;
test_error_HBF1=2.660404e-02;
train_error_HBF1=2.627146e-02;
test_error_RBF=3.067744e-02;
train_error_RBF=2.979239e-02;