task_id=3;
center=19;
test_error_HBF1=2.592402e-02;
train_error_HBF1=2.492519e-02;
test_error_RBF=2.864622e-02;
train_error_RBF=2.747055e-02;