task_id=4;
center=29;
test_error_HBF1=2.532234e-02;
train_error_HBF1=2.416572e-02;
test_error_RBF=2.912408e-02;
train_error_RBF=2.843477e-02;