task_id=2;
secs=6.034272e+03;
minutes=1.005712e+02;
hours=1.676187e+00;
iterations=40001;
center=10;
data_set= '../../../common/data/data_h_gabor_0.7_0.15_0.15_28000_6000_6000.mat' ;