task_id=4;
secs=7.940609e+03;
minutes=1.323435e+02;
hours=2.205725e+00;
iterations=40001;
center=29;
data_set= '../../../common/data/data_h_gabor_0.7_0.15_0.15_28000_6000_6000.mat' ;