task_id=1;
secs=6.853757e+03;
minutes=1.142293e+02;
hours=1.903821e+00;
iterations=40001;
center=1;
data_set= '../../../common/data/data_h_gabor_0.7_0.15_0.15_28000_6000_6000.mat' ;