task_id=3;
secs=5.573631e+03;
minutes=9.289386e+01;
hours=1.548231e+00;
iterations=40001;
center=19;
data_set= '../../../common/data/data_h_gabor_0.7_0.15_0.15_28000_6000_6000.mat' ;