task_id=1;
center=140;
test_error_HBF1=1.020154e+02;
train_error_HBF1=1.026813e+02;
test_error_RBF=1.116758e-03;
train_error_RBF=1.262059e-03;