task_id=5;
center=38;
test_error_HBF1=6.813702e+00;
train_error_HBF1=7.116461e+00;
test_error_RBF=3.165922e-02;
train_error_RBF=3.082174e-02;