task_id=12;
center=104;
test_error_HBF1=1.320660e+01;
train_error_HBF1=1.324611e+01;
test_error_RBF=3.166582e-02;
train_error_RBF=3.079349e-02;