task_id=17;
center=151;
test_error_HBF1=7.020995e+00;
train_error_HBF1=6.918269e+00;
test_error_RBF=3.127679e-02;
train_error_RBF=3.037666e-02;