task_id=14;
center=123;
test_error_HBF1=1.126437e+01;
train_error_HBF1=1.116056e+01;
test_error_RBF=3.161407e-02;
train_error_RBF=3.073385e-02;