task_id=18;
center=161;
test_error_HBF1=2.063646e+01;
train_error_HBF1=2.019633e+01;
test_error_RBF=3.105550e-02;
train_error_RBF=3.007175e-02;