task_id=2;
secs=4.879869e+03;
minutes=8.133115e+01;
hours=1.355519e+00;
iterations=58800;
center=10;
data_set= '../../../common/data/data_h_gabor_0.7_0.15_0.15_28000_6000_6000.mat' ;