task_id=20;
secs=4.044369e+04;
minutes=6.740615e+02;
hours=1.123436e+01;
iterations=58800;
center=180;
data_set= '../../../common/data/data_h_gabor_0.7_0.15_0.15_28000_6000_6000.mat' ;