task_id=7;
secs=1.892280e+04;
minutes=3.153799e+02;
hours=5.256332e+00;
iterations=58800;
center=57;
data_set= '../../../common/data/data_h_gabor_0.7_0.15_0.15_28000_6000_6000.mat' ;