task_id=18;
secs=3.815556e+04;
minutes=6.359261e+02;
hours=1.059877e+01;
iterations=58800;
center=161;
data_set= '../../../common/data/data_h_gabor_0.7_0.15_0.15_28000_6000_6000.mat' ;