task_id=6;
secs=1.629107e+04;
minutes=2.715178e+02;
hours=4.525297e+00;
iterations=58800;
center=48;
data_set= '../../../common/data/data_h_gabor_0.7_0.15_0.15_28000_6000_6000.mat' ;