task_id=4;
secs=4.537717e+03;
minutes=7.562862e+01;
hours=1.260477e+00;
iterations=30800;
center=135;
data_set= '../../../common/data/data_h_D10_x2sinx_0.7_0.15_0.15_28000_6000_6000.mat' ;