task_id=5;
center=38;
test_error_HBF1=1.001933e+00;
train_error_HBF1=1.001780e+00;
test_error_RBF=1.001283e+00;
train_error_RBF=9.988168e-01;