task_id=17;
center=151;
test_error_HBF1=1.002114e+00;
train_error_HBF1=1.001136e+00;
test_error_RBF=1.002162e+00;
train_error_RBF=9.939606e-01;