task_id=9;
center=76;
test_error_HBF1=1.002047e+00;
train_error_HBF1=1.002036e+00;
test_error_RBF=1.000155e+00;
train_error_RBF=9.975101e-01;