task_id=18;
center=161;
test_error_HBF1=1.000026e+00;
train_error_HBF1=1.002394e+00;
test_error_RBF=1.002456e+00;
train_error_RBF=9.937096e-01;