task_id=13;
center=114;
test_error_HBF1=1.002008e+00;
train_error_HBF1=1.001105e+00;
test_error_RBF=1.002733e+00;
train_error_RBF=9.957147e-01;