task_id=16;
secs=4.915616e+04;
minutes=8.192693e+02;
hours=1.365449e+01;
iterations=61600;
center=142;
data_set= '../../../common/data/data_h_D10_x2sinx2_0.7_0.15_0.15_28000_6000_6000.mat' ;