task_id=3;
secs=1.002726e+04;
minutes=1.671209e+02;
hours=2.785349e+00;
iterations=61600;
center=19;
data_set= '../../../common/data/data_h_D10_x2sinx2_0.7_0.15_0.15_28000_6000_6000.mat' ;