task_id=11;
secs=3.014814e+04;
minutes=5.024689e+02;
hours=8.374482e+00;
iterations=61600;
center=95;
data_set= '../../../common/data/data_h_D10_x2sinx2_0.7_0.15_0.15_28000_6000_6000.mat' ;