task_id=9;
secs=2.576529e+04;
minutes=4.294216e+02;
hours=7.157026e+00;
iterations=61600;
center=76;
data_set= '../../../common/data/data_h_D10_x2sinx2_0.7_0.15_0.15_28000_6000_6000.mat' ;