task_id=9;
secs=1.292723e+00;
minutes=2.154538e-02;
hours=3.590897e-04;
iterations=1;
center=169;
data_set= '../../../common/data/data_MNIST_0.7_0.15_0.15_49000_10500_10500.mat' ;