task_id=16;
secs=1.277540e+00;
minutes=2.129233e-02;
hours=3.548722e-04;
iterations=1;
center=316;
data_set= '../../../common/data/data_MNIST_0.7_0.15_0.15_49000_10500_10500.mat' ;