task_id=13;
secs=1.434841e+00;
minutes=2.391401e-02;
hours=3.985668e-04;
iterations=1;
center=253;
data_set= '../../../common/data/data_MNIST_0.7_0.15_0.15_49000_10500_10500.mat' ;