task_id=19;
secs=1.308547e+00;
minutes=2.180912e-02;
hours=3.634853e-04;
iterations=1;
center=379;
data_set= '../../../common/data/data_MNIST_0.7_0.15_0.15_49000_10500_10500.mat' ;