task_id=1;
secs=1.326434e+00;
minutes=2.210724e-02;
hours=3.684540e-04;
iterations=1;
center=1;
data_set= '../../../common/data/data_MNIST_0.7_0.15_0.15_49000_10500_10500.mat' ;