task_id=10;
secs=1.269063e+00;
minutes=2.115105e-02;
hours=3.525176e-04;
iterations=1;
center=190;
data_set= '../../../common/data/data_MNIST_0.7_0.15_0.15_49000_10500_10500.mat' ;