task_id=6;
secs=1.264737e+00;
minutes=2.107895e-02;
hours=3.513159e-04;
iterations=1;
center=106;
data_set= '../../../common/data/data_MNIST_0.7_0.15_0.15_49000_10500_10500.mat' ;