task_id=28;
center=28;
test_error_HBF1=1.000031e+00;
train_error_HBF1=1.000031e+00;
test_error_RBF=3.567854e-01;
train_error_RBF=3.573634e-01;