task_id=5;
center=38;
test_error_HBF1=3.644635e-02;
train_error_HBF1=3.487950e-02;
test_error_RBF=3.165922e-02;
train_error_RBF=3.082174e-02;