task_id=18;
center=161;
test_error_HBF1=3.361572e-02;
train_error_HBF1=3.329683e-02;
test_error_RBF=3.107416e-02;
train_error_RBF=3.013253e-02;