task_id=9;
center=76;
test_error_HBF1=3.298418e-02;
train_error_HBF1=3.223296e-02;
test_error_RBF=3.167467e-02;
train_error_RBF=3.081713e-02;