task_id=2;
center=10;
test_error_HBF1=3.213415e-02;
train_error_HBF1=3.110184e-02;
test_error_RBF=3.164669e-02;
train_error_RBF=3.082622e-02;