task_id=3;
center=19;
test_error_HBF1=3.294980e-02;
train_error_HBF1=3.179352e-02;
test_error_RBF=3.165979e-02;
train_error_RBF=3.082231e-02;