task_id=17;
secs=4.066440e+03;
minutes=6.777401e+01;
hours=1.129567e+00;
iterations=30800;
center=151;
data_set= '../../../common/data/data_h_gabor_0.7_0.15_0.15_28000_6000_6000.mat' ;