task_id=23;
center=23;
test_error_HBF1=1.000147e+00;
train_error_HBF1=8.976902e-01;
test_error_RBF=3.688078e-01;
train_error_RBF=3.299291e-01;