task_id=27;
center=27;
test_error_HBF1=1.000023e+00;
train_error_HBF1=8.975784e-01;
test_error_RBF=3.900016e-01;
train_error_RBF=3.446500e-01;