task_id=10;
center=10;
test_error_HBF1=5.470612e-01;
train_error_HBF1=4.827698e-01;
test_error_RBF=4.403978e-01;
train_error_RBF=3.878781e-01;