task_id=37;
center=37;
test_error_HBF1=1.000106e+00;
train_error_HBF1=1.000107e+00;
test_error_RBF=3.347250e-01;
train_error_RBF=3.352331e-01;