task_id=34;
center=34;
test_error_HBF1=1.000077e+00;
train_error_HBF1=1.000077e+00;
test_error_RBF=3.435323e-01;
train_error_RBF=3.486256e-01;