task_id=25;
center=25;
test_error_HBF1=1.000014e+00;
train_error_HBF1=1.000015e+00;
test_error_RBF=3.848327e-01;
train_error_RBF=3.823213e-01;