task_id=36;
center=36;
test_error_HBF1=1.000088e+00;
train_error_HBF1=1.000089e+00;
test_error_RBF=3.074528e-01;
train_error_RBF=3.083709e-01;