task_id=26;
center=26;
test_error_HBF1=1.000077e+00;
train_error_HBF1=1.000078e+00;
test_error_RBF=3.733592e-01;
train_error_RBF=3.762245e-01;