task_id=9;
center=35;
test_error_HBF1=8.122931e-01;
train_error_HBF1=8.092250e-01;
test_error_RBF=2.128921e-01;
train_error_RBF=2.034541e-01;