task_id=12;
center=104;
test_error_HBF1=3.201619e-02;
train_error_HBF1=3.130095e-02;
test_error_RBF=3.164831e-02;
train_error_RBF=3.077986e-02;