task_id=8;
center=66;
test_error_HBF1=3.193953e-02;
train_error_HBF1=3.126330e-02;
test_error_RBF=3.166779e-02;
train_error_RBF=3.082013e-02;