task_id=5;
secs=1.267520e+04;
minutes=2.112533e+02;
hours=3.520889e+00;
iterations=61600;
center=38;
data_set= '../../../common/data/data_h_gabor_0.7_0.15_0.15_28000_6000_6000.mat' ;