task_id=6;
secs=1.686950e+04;
minutes=2.811583e+02;
hours=4.685972e+00;
iterations=61600;
center=48;
data_set= '../../../common/data/data_h_gabor_0.7_0.15_0.15_28000_6000_6000.mat' ;