task_id=1;
secs=3.396272e+00;
minutes=5.660453e-02;
hours=9.434089e-04;
iterations=100;
center=10;
data_set= '../../../common/data/data_h_D10_x2sinx_0.7_0.15_0.15_28000_6000_6000.mat' ;