task_id=15;
center=132;
test_error_HBF1=1.003569e+00;
train_error_HBF1=1.003325e+00;
test_error_RBF=1.001922e+00;
train_error_RBF=9.953904e-01;