task_id=1;
secs=2.917936e+03;
minutes=4.863226e+01;
hours=8.105377e-01;
iterations=61600;
center=1;
data_set= '../../../common/data/data_h_D10_x2sinx2_0.7_0.15_0.15_28000_6000_6000.mat' ;