task_id=8;
secs=2.289994e+04;
minutes=3.816657e+02;
hours=6.361094e+00;
iterations=61600;
center=66;
data_set= '../../../common/data/data_h_D10_x2sinx2_0.7_0.15_0.15_28000_6000_6000.mat' ;