task_id=12;
center=285;
test_error_HBF1=1.000254e+00;
train_error_HBF1=1.000258e+00;
test_error_RBF=1.400529e-01;
train_error_RBF=1.344492e-01;