task_id=9;
center=208;
test_error_HBF1=1.000310e+00;
train_error_HBF1=1.000312e+00;
test_error_RBF=1.581083e-01;
train_error_RBF=1.547809e-01;