task_id=23;
center=569;
test_error_HBF1=1.001382e+00;
train_error_HBF1=1.001414e+00;
test_error_RBF=9.909617e-02;
train_error_RBF=8.577460e-02;