task_id=11;
center=259;
test_error_HBF1=1.003295e+00;
train_error_HBF1=1.003347e+00;
test_error_RBF=1.368130e-01;
train_error_RBF=1.302597e-01;