task_id=14;
center=123;
test_error_HBF1=2.312766e-02;
train_error_HBF1=2.329065e-02;
test_error_RBF=2.072737e-02;
train_error_RBF=2.029701e-02;