task_id=20;
center=180;
test_error_HBF1=2.358488e-02;
train_error_HBF1=2.348192e-02;
test_error_RBF=1.262258e-02;
train_error_RBF=1.216289e-02;