task_id=15;
center=132;
test_error_HBF1=2.338597e-02;
train_error_HBF1=2.333315e-02;
test_error_RBF=2.056439e-02;
train_error_RBF=2.094670e-02;