task_id=4;
center=29;
test_error_HBF1=2.607572e-02;
train_error_HBF1=2.486839e-02;
test_error_RBF=2.904793e-02;
train_error_RBF=2.834955e-02;