task_id=13;
center=114;
test_error_HBF1=2.330882e-02;
train_error_HBF1=2.329787e-02;
test_error_RBF=2.168474e-02;
train_error_RBF=2.043587e-02;