task_id=5;
center=38;
test_error_HBF1=2.505184e-02;
train_error_HBF1=2.471782e-02;
test_error_RBF=2.349913e-02;
train_error_RBF=2.374412e-02;