task_id=10;
center=85;
test_error_HBF1=2.380357e-02;
train_error_HBF1=2.364655e-02;
test_error_RBF=2.574388e-02;
train_error_RBF=2.470935e-02;