task_id=9;
center=76;
test_error_HBF1=2.388137e-02;
train_error_HBF1=2.360471e-02;
test_error_RBF=2.289159e-02;
train_error_RBF=2.175281e-02;