task_id=3;
center=19;
test_error_HBF1=2.592879e-02;
train_error_HBF1=2.475776e-02;
test_error_RBF=2.882069e-02;
train_error_RBF=2.759755e-02;