task_id=7;
center=57;
test_error_HBF1=2.393436e-02;
train_error_HBF1=2.346171e-02;
test_error_RBF=2.429668e-02;
train_error_RBF=2.357995e-02;