task_id=16;
center=142;
test_error_HBF1=2.469754e-02;
train_error_HBF1=2.413434e-02;
test_error_RBF=1.492449e-02;
train_error_RBF=1.447766e-02;