task_id=17;
center=151;
test_error_HBF1=2.413861e-02;
train_error_HBF1=2.384474e-02;
test_error_RBF=1.564141e-02;
train_error_RBF=1.570120e-02;