task_id=12;
center=104;
test_error_HBF1=2.403365e-02;
train_error_HBF1=2.376774e-02;
test_error_RBF=2.364509e-02;
train_error_RBF=2.352947e-02;