task_id=2;
center=10;
test_error_HBF1=2.707408e-02;
train_error_HBF1=2.673985e-02;
test_error_RBF=3.075717e-02;
train_error_RBF=2.987580e-02;