task_id=8;
center=66;
test_error_HBF1=2.475775e-02;
train_error_HBF1=2.330394e-02;
test_error_RBF=2.797737e-02;
train_error_RBF=2.634550e-02;