task_id=19;
center=170;
test_error_HBF1=2.345790e-02;
train_error_HBF1=2.335893e-02;
test_error_RBF=2.039542e-02;
train_error_RBF=1.920638e-02;