task_id=11;
center=95;
test_error_HBF1=2.361800e-02;
train_error_HBF1=2.353352e-02;
test_error_RBF=2.210318e-02;
train_error_RBF=2.194604e-02;