task_id=18;
center=161;
test_error_HBF1=2.320263e-02;
train_error_HBF1=2.307886e-02;
test_error_RBF=1.667948e-02;
train_error_RBF=1.678954e-02;