task_id=6;
center=48;
test_error_HBF1=2.500756e-02;
train_error_HBF1=2.436010e-02;
test_error_RBF=2.777024e-02;
train_error_RBF=2.716627e-02;