task_id=17;
secs=7.934319e+03;
minutes=1.322387e+02;
hours=2.203978e+00;
iterations=40001;
center=151;
data_set= '../../../common/data/data_h_gabor_0.7_0.15_0.15_28000_6000_6000.mat' ;