task_id=3;
secs=2.208731e+03;
minutes=3.681218e+01;
hours=6.135363e-01;
iterations=40001;
center=19;
data_set= '../../../common/data/data_h_gabor_0.7_0.15_0.15_28000_6000_6000.mat' ;