task_id=14;
secs=6.536090e+03;
minutes=1.089348e+02;
hours=1.815581e+00;
iterations=40001;
center=123;
data_set= '../../../common/data/data_h_gabor_0.7_0.15_0.15_28000_6000_6000.mat' ;