task_id=18;
secs=9.339939e+03;
minutes=1.556657e+02;
hours=2.594428e+00;
iterations=40001;
center=161;
data_set= '../../../common/data/data_h_gabor_0.7_0.15_0.15_28000_6000_6000.mat' ;