task_id=7;
secs=3.929189e+03;
minutes=6.548648e+01;
hours=1.091441e+00;
iterations=40001;
center=57;
data_set= '../../../common/data/data_h_gabor_0.7_0.15_0.15_28000_6000_6000.mat' ;