task_id=20;
secs=1.019750e+04;
minutes=1.699583e+02;
hours=2.832639e+00;
iterations=40001;
center=180;
data_set= '../../../common/data/data_h_gabor_0.7_0.15_0.15_28000_6000_6000.mat' ;