task_id=19;
secs=9.467683e+03;
minutes=1.577947e+02;
hours=2.629912e+00;
iterations=40001;
center=170;
data_set= '../../../common/data/data_h_gabor_0.7_0.15_0.15_28000_6000_6000.mat' ;