task_id=19;
secs=5.184628e+00;
minutes=8.641047e-02;
hours=1.440174e-03;
iterations=28;
center=170;
data_set= '../../../common/data/data_h_gabor_0.7_0.15_0.15_28000_6000_6000.mat' ;