task_id=16;
secs=3.580236e+00;
minutes=5.967060e-02;
hours=9.945100e-04;
iterations=28;
center=142;
data_set= '../../../common/data/data_h_gabor_0.7_0.15_0.15_28000_6000_6000.mat' ;