task_id=14;
secs=9.292931e+00;
minutes=1.548822e-01;
hours=2.581370e-03;
iterations=28;
center=123;
data_set= '../../../common/data/data_h_gabor_0.7_0.15_0.15_28000_6000_6000.mat' ;