task_id=10;
secs=5.021816e+00;
minutes=8.369693e-02;
hours=1.394949e-03;
iterations=28;
center=85;
data_set= '../../../common/data/data_h_gabor_0.7_0.15_0.15_28000_6000_6000.mat' ;