task_id=20;
secs=1.085707e+01;
minutes=1.809512e-01;
hours=3.015853e-03;
iterations=28;
center=180;
data_set= '../../../common/data/data_h_gabor_0.7_0.15_0.15_28000_6000_6000.mat' ;