task_id=18;
secs=5.013031e+00;
minutes=8.355052e-02;
hours=1.392509e-03;
iterations=28;
center=161;
data_set= '../../../common/data/data_h_gabor_0.7_0.15_0.15_28000_6000_6000.mat' ;