task_id=6;
secs=8.796999e+00;
minutes=1.466166e-01;
hours=2.443611e-03;
iterations=28;
center=48;
data_set= '../../../common/data/data_h_gabor_0.7_0.15_0.15_28000_6000_6000.mat' ;