task_id=3;
secs=3.367308e+00;
minutes=5.612180e-02;
hours=9.353633e-04;
iterations=28;
center=19;
data_set= '../../../common/data/data_h_gabor_0.7_0.15_0.15_28000_6000_6000.mat' ;