task_id=4;
secs=8.788437e+00;
minutes=1.464739e-01;
hours=2.441232e-03;
iterations=28;
center=29;
data_set= '../../../common/data/data_h_gabor_0.7_0.15_0.15_28000_6000_6000.mat' ;