task_id=5;
secs=8.635475e+00;
minutes=1.439246e-01;
hours=2.398743e-03;
iterations=28;
center=38;
data_set= '../../../common/data/data_h_gabor_0.7_0.15_0.15_28000_6000_6000.mat' ;