task_id=2;
secs=6.392856e+00;
minutes=1.065476e-01;
hours=1.775793e-03;
iterations=28;
center=10;
data_set= '../../../common/data/data_h_gabor_0.7_0.15_0.15_28000_6000_6000.mat' ;