task_id=2;
center=28;
test_error_HBF1=8.784698e+01;
train_error_HBF1=8.682220e+01;
test_error_RBF=8.903113e+01;
train_error_RBF=8.796391e+01;