task_id=6;
center=139;
test_error_HBF1=8.654995e+01;
train_error_HBF1=8.540887e+01;
test_error_RBF=8.861625e+01;
train_error_RBF=8.745677e+01;