task_id=3;
center=56;
test_error_HBF1=8.744657e+01;
train_error_HBF1=8.638173e+01;
test_error_RBF=8.896572e+01;
train_error_RBF=8.786496e+01;