task_id=5;
center=111;
test_error_HBF1=8.686313e+01;
train_error_HBF1=8.572066e+01;
test_error_RBF=8.871932e+01;
train_error_RBF=8.756941e+01;