task_id=4;
center=84;
test_error_HBF1=8.680301e+01;
train_error_HBF1=8.569705e+01;
test_error_RBF=8.882860e+01;
train_error_RBF=8.768563e+01;