task_id=4;
secs=1.323527e+04;
minutes=2.205879e+02;
hours=3.676464e+00;
iterations=129360;
center=84;
data_set= '../../../common/data/data_MNIST_0.7_0.15_0.15_49000_10500_10500.mat' ;