task_id=3;
secs=1.109071e+04;
minutes=1.848452e+02;
hours=3.080754e+00;
iterations=129360;
center=56;
data_set= '../../../common/data/data_MNIST_0.7_0.15_0.15_49000_10500_10500.mat' ;