task_id=6;
secs=1.698064e+04;
minutes=2.830107e+02;
hours=4.716846e+00;
iterations=129360;
center=139;
data_set= '../../../common/data/data_MNIST_0.7_0.15_0.15_49000_10500_10500.mat' ;