task_id=5;
secs=1.483976e+04;
minutes=2.473293e+02;
hours=4.122154e+00;
iterations=129360;
center=111;
data_set= '../../../common/data/data_MNIST_0.7_0.15_0.15_49000_10500_10500.mat' ;