task_id=5;
center=18;
test_error_HBF1=9.614305e-01;
train_error_HBF1=9.639952e-01;
test_error_RBF=3.141261e-01;
train_error_RBF=3.031165e-01;