task_id=4;
center=14;
test_error_HBF1=9.755533e-01;
train_error_HBF1=9.879555e-01;
test_error_RBF=3.567647e-01;
train_error_RBF=3.417806e-01;