task_id=6;
center=22;
test_error_HBF1=8.241631e-01;
train_error_HBF1=8.215213e-01;
test_error_RBF=2.844213e-01;
train_error_RBF=2.734913e-01;