task_id=8;
center=31;
test_error_HBF1=8.226819e-01;
train_error_HBF1=8.199422e-01;
test_error_RBF=2.326681e-01;
train_error_RBF=2.211075e-01;