task_id=10;
center=40;
test_error_HBF1=8.091163e-01;
train_error_HBF1=8.056332e-01;
test_error_RBF=1.937048e-01;
train_error_RBF=1.848774e-01;