task_id=7;
center=27;
test_error_HBF1=8.197944e-01;
train_error_HBF1=8.169696e-01;
test_error_RBF=2.492848e-01;
train_error_RBF=2.398468e-01;