task_id=15;
center=132;
test_error_HBF1=3.166001e-02;
train_error_HBF1=3.054551e-02;
test_error_RBF=2.826596e-02;
train_error_RBF=2.668853e-02;