task_id=18;
center=161;
test_error_HBF1=3.199232e-02;
train_error_HBF1=3.069701e-02;
test_error_RBF=2.059812e-02;
train_error_RBF=2.055890e-02;