task_id=14;
secs=2.513127e+03;
minutes=4.188545e+01;
hours=6.980908e-01;
iterations=30800;
center=123;
data_set= '../../../common/data/data_h_gabor_0.7_0.15_0.15_28000_6000_6000.mat' ;