task_id=7;
secs=1.236497e+03;
minutes=2.060828e+01;
hours=3.434714e-01;
iterations=30800;
center=57;
data_set= '../../../common/data/data_h_gabor_0.7_0.15_0.15_28000_6000_6000.mat' ;