task_id=18;
secs=3.314489e+03;
minutes=5.524149e+01;
hours=9.206915e-01;
iterations=30800;
center=161;
data_set= '../../../common/data/data_h_gabor_0.7_0.15_0.15_28000_6000_6000.mat' ;