task_id=4;
secs=7.321077e+02;
minutes=1.220179e+01;
hours=2.033632e-01;
iterations=30800;
center=29;
data_set= '../../../common/data/data_h_gabor_0.7_0.15_0.15_28000_6000_6000.mat' ;