task_id=5;
center=38;
test_error_HBF1=1.894003e-02;
train_error_HBF1=1.932596e-02;
test_error_RBF=4.026183e-03;
train_error_RBF=4.359955e-03;