task_id=3;
center=19;
test_error_HBF1=3.464915e-02;
train_error_HBF1=3.487060e-02;
test_error_RBF=1.169502e-02;
train_error_RBF=1.192535e-02;