task_id=18;
secs=4.523878e+03;
minutes=7.539796e+01;
hours=1.256633e+00;
iterations=30800;
center=161;
data_set= '../../../common/data/data_h_1_x2_y2_sinxy_0.7_0.15_0.15_28000_6000_6000.mat' ;