task_id=17;
secs=4.191175e+03;
minutes=6.985292e+01;
hours=1.164215e+00;
iterations=30800;
center=151;
data_set= '../../../common/data/data_h_1_x2_y2_sinxy_0.7_0.15_0.15_28000_6000_6000.mat' ;