task_id=14;
secs=3.813784e+03;
minutes=6.356306e+01;
hours=1.059384e+00;
iterations=30800;
center=123;
data_set= '../../../common/data/data_h_1_x2_y2_sinxy_0.7_0.15_0.15_28000_6000_6000.mat' ;