task_id=7;
secs=2.038460e+03;
minutes=3.397434e+01;
hours=5.662390e-01;
iterations=30800;
center=57;
data_set= '../../../common/data/data_h_1_x2_y2_sinxy_0.7_0.15_0.15_28000_6000_6000.mat' ;