task_id=11;
secs=3.161233e+03;
minutes=5.268722e+01;
hours=8.781203e-01;
iterations=30800;
center=95;
data_set= '../../../common/data/data_h_1_x2_y2_sinxy_0.7_0.15_0.15_28000_6000_6000.mat' ;