task_id=10;
center=105;
test_error_HBF1=8.759406e+01;
train_error_HBF1=8.672800e+01;
test_error_RBF=8.847592e+01;
train_error_RBF=8.746117e+01;