task_id=6;
secs=2.450141e+05;
minutes=4.083568e+03;
hours=6.805947e+01;
iterations=107800;
center=59;
data_set= '../../../common/data/data_MNIST_0.7_0.15_0.15_49000_10500_10500.mat' ;