task_id=2;
secs=1.870937e+05;
minutes=3.118229e+03;
hours=5.197048e+01;
iterations=107800;
center=12;
data_set= '../../../common/data/data_MNIST_0.7_0.15_0.15_49000_10500_10500.mat' ;