task_id=17;
secs=3.984091e+05;
minutes=6.640151e+03;
hours=1.106692e+02;
iterations=107800;
center=187;
data_set= '../../../common/data/data_MNIST_0.7_0.15_0.15_49000_10500_10500.mat' ;