task_id=2;
center=10;
test_error_HBF1=4.883077e+02;
train_error_HBF1=4.806133e+02;
test_error_RBF=4.883043e+02;
train_error_RBF=4.805315e+02;