task_id=3;
center=19;
test_error_HBF1=4.883058e+02;
train_error_HBF1=4.806094e+02;
test_error_RBF=4.883200e+02;
train_error_RBF=4.801616e+02;