task_id=16;
center=142;
test_error_HBF1=4.882992e+02;
train_error_HBF1=4.805522e+02;
test_error_RBF=4.885131e+02;
train_error_RBF=4.782027e+02;