task_id=5;
center=38;
test_error_HBF1=4.883006e+02;
train_error_HBF1=4.805864e+02;
test_error_RBF=4.882936e+02;
train_error_RBF=4.799707e+02;