task_id=14;
center=123;
test_error_HBF1=4.882989e+02;
train_error_HBF1=4.805709e+02;
test_error_RBF=4.884604e+02;
train_error_RBF=4.785786e+02;