task_id=9;
secs=5.085976e+03;
minutes=8.476626e+01;
hours=1.412771e+00;
iterations=61600;
center=76;
data_set= '../../../common/data/data_h_D10_x2sinx_0.7_0.15_0.15_28000_6000_6000.mat' ;