task_id=5;
secs=2.956858e+03;
minutes=4.928097e+01;
hours=8.213495e-01;
iterations=61600;
center=38;
data_set= '../../../common/data/data_h_D10_x2sinx_0.7_0.15_0.15_28000_6000_6000.mat' ;