task_id=14;
secs=7.186965e+03;
minutes=1.197828e+02;
hours=1.996379e+00;
iterations=61600;
center=123;
data_set= '../../../common/data/data_h_D10_x2sinx_0.7_0.15_0.15_28000_6000_6000.mat' ;