task_id=7;
center=57;
test_error_HBF1=3.951935e+01;
train_error_HBF1=3.851321e+01;
test_error_RBF=8.712544e+02;
train_error_RBF=9.019913e+02;