task_id=13;
center=114;
test_error_HBF1=1.672450e+01;
train_error_HBF1=1.665574e+01;
test_error_RBF=1.733436e+02;
train_error_RBF=1.713673e+02;