task_id=16;
center=142;
test_error_HBF1=1.483276e+01;
train_error_HBF1=1.430080e+01;
test_error_RBF=2.083734e+01;
train_error_RBF=1.882388e+01;