task_id=12;
center=104;
test_error_HBF1=1.791851e+01;
train_error_HBF1=1.744550e+01;
test_error_RBF=2.346603e+02;
train_error_RBF=2.312507e+02;