task_id=20;
center=180;
test_error_HBF1=1.265473e+01;
train_error_HBF1=1.259230e+01;
test_error_RBF=2.207814e+01;
train_error_RBF=2.155355e+01;