task_id=15;
center=132;
test_error_HBF1=1.408337e+01;
train_error_HBF1=1.402705e+01;
test_error_RBF=4.318587e+01;
train_error_RBF=4.456469e+01;