task_id=4;
center=29;
test_error_HBF1=1.780115e+02;
train_error_HBF1=1.779739e+02;
test_error_RBF=1.491986e+03;
train_error_RBF=1.449506e+03;