task_id=17;
secs=5.943875e+04;
minutes=9.906458e+02;
hours=1.651076e+01;
iterations=36400;
center=151;
data_set= '../../../common/data/data_h_add_0.7_0.15_0.15_28000_6000_6000.mat' ;