task_id=3;
secs=1.091981e+04;
minutes=1.819968e+02;
hours=3.033281e+00;
iterations=36400;
center=19;
data_set= '../../../common/data/data_h_add_0.7_0.15_0.15_28000_6000_6000.mat' ;