task_id=7;
center=57;
test_error_HBF1=3.179467e-02;
train_error_HBF1=3.104573e-02;
test_error_RBF=3.166241e-02;
train_error_RBF=3.082040e-02;