task_id=16;
center=142;
test_error_HBF1=3.240535e-02;
train_error_HBF1=3.155765e-02;
test_error_RBF=3.141791e-02;
train_error_RBF=3.050599e-02;