task_id=10;
center=85;
test_error_HBF1=3.247861e-02;
train_error_HBF1=3.190104e-02;
test_error_RBF=3.167230e-02;
train_error_RBF=3.081477e-02;