task_id=6;
center=48;
test_error_HBF1=3.188251e-02;
train_error_HBF1=3.101094e-02;
test_error_RBF=3.166096e-02;
train_error_RBF=3.082144e-02;