task_id=9;
center=76;
test_error_HBF1=3.192979e-02;
train_error_HBF1=3.123783e-02;
test_error_RBF=3.167068e-02;
train_error_RBF=3.081878e-02;