task_id=5;
center=38;
test_error_HBF1=3.177199e-02;
train_error_HBF1=3.099637e-02;
test_error_RBF=3.166013e-02;
train_error_RBF=3.082189e-02;