task_id=9;
secs=2.527128e+04;
minutes=4.211880e+02;
hours=7.019800e+00;
iterations=61600;
center=76;
data_set= '../../../common/data/data_h_gabor_0.7_0.15_0.15_28000_6000_6000.mat' ;