task_id=16;
secs=4.208649e+04;
minutes=7.014414e+02;
hours=1.169069e+01;
iterations=61600;
center=142;
data_set= '../../../common/data/data_h_gabor_0.7_0.15_0.15_28000_6000_6000.mat' ;