task_id=10;
secs=2.783998e+04;
minutes=4.639996e+02;
hours=7.733327e+00;
iterations=61600;
center=85;
data_set= '../../../common/data/data_h_gabor_0.7_0.15_0.15_28000_6000_6000.mat' ;