task_id=8;
secs=2.220399e+04;
minutes=3.700665e+02;
hours=6.167775e+00;
iterations=61600;
center=66;
data_set= '../../../common/data/data_h_gabor_0.7_0.15_0.15_28000_6000_6000.mat' ;