task_id=1;
secs=1.476777e+03;
minutes=2.461296e+01;
hours=4.102160e-01;
iterations=61600;
center=1;
data_set= '../../../common/data/data_h_gabor_0.7_0.15_0.15_28000_6000_6000.mat' ;