task_id=19;
secs=4.438153e+04;
minutes=7.396922e+02;
hours=1.232820e+01;
iterations=61600;
center=170;
data_set= '../../../common/data/data_h_gabor_0.7_0.15_0.15_28000_6000_6000.mat' ;