task_id=7;
secs=1.972639e+04;
minutes=3.287732e+02;
hours=5.479553e+00;
iterations=61600;
center=57;
data_set= '../../../common/data/data_h_gabor_0.7_0.15_0.15_28000_6000_6000.mat' ;