task_id=4;
secs=1.014848e+04;
minutes=1.691413e+02;
hours=2.819021e+00;
iterations=61600;
center=29;
data_set= '../../../common/data/data_h_gabor_0.7_0.15_0.15_28000_6000_6000.mat' ;