task_id=2;
center=45;
test_error_HBF1=4.883071e+02;
train_error_HBF1=4.806016e+02;
test_error_RBF=4.884088e+02;
train_error_RBF=4.798410e+02;