task_id=8;
center=182;
test_error_HBF1=1.000666e+00;
train_error_HBF1=1.000705e+00;
test_error_RBF=2.011253e-01;
train_error_RBF=1.534940e-01;