task_id=18;
center=440;
test_error_HBF1=1.003566e+00;
train_error_HBF1=1.003686e+00;
test_error_RBF=1.402654e-01;
train_error_RBF=6.744305e-02;