task_id=20;
secs=6.677128e+03;
minutes=1.112855e+02;
hours=1.854758e+00;
iterations=10500;
center=492;