task_id=19;
secs=5.906417e+03;
minutes=9.844028e+01;
hours=1.640671e+00;
iterations=10500;
center=466;