task_id=7;
secs=2.065524e+03;
minutes=3.442541e+01;
hours=5.737568e-01;
iterations=10500;
center=156;