task_id=22;
secs=6.909741e+03;
minutes=1.151624e+02;
hours=1.919373e+00;
iterations=10500;
center=543;