task_id=1;
secs=5.901802e+01;
minutes=9.836337e-01;
hours=1.639390e-02;
iterations=50;
center=10;
data_set= '../../../common/data/data_MNIST_0.7_0.15_0.15_49000_10500_10500.mat' ;