task_id=6;
center=59;
test_error_HBF1=1.887670e-01;
train_error_HBF1=1.955542e-01;
test_error_RBF=1.354110e-01;
train_error_RBF=1.409183e-01;