task_id=14;
center=152;
test_error_HBF1=1.661302e-01;
train_error_HBF1=1.722605e-01;
test_error_RBF=6.199514e-02;
train_error_RBF=6.452564e-02;