task_id=10;
secs=2.913576e+05;
minutes=4.855960e+03;
hours=8.093267e+01;
iterations=107800;
center=105;
data_set= '../../../common/data/data_MNIST_0.7_0.15_0.15_49000_10500_10500.mat' ;