task_id=9;
secs=2.844250e+05;
minutes=4.740417e+03;
hours=7.900695e+01;
iterations=107800;
center=94;
data_set= '../../../common/data/data_MNIST_0.7_0.15_0.15_49000_10500_10500.mat' ;