task_id=1;
secs=9.249067e+02;
minutes=1.541511e+01;
hours=2.569185e-01;
iterations=42000;
center=1;
data_set= '../../../common/data/data_h_add_0.7_0.15_0.15_28000_6000_6000.mat' ;