task_id=9;
secs=3.162001e+03;
minutes=5.270002e+01;
hours=8.783336e-01;
iterations=42000;
center=76;
data_set= '../../../common/data/data_h_add_0.7_0.15_0.15_28000_6000_6000.mat' ;