task_id=20;
secs=6.428371e+03;
minutes=1.071395e+02;
hours=1.785659e+00;
iterations=42000;
center=180;
data_set= '../../../common/data/data_h_add_0.7_0.15_0.15_28000_6000_6000.mat' ;