task_id=14;
secs=4.612739e+03;
minutes=7.687899e+01;
hours=1.281316e+00;
iterations=42000;
center=123;
data_set= '../../../common/data/data_h_add_0.7_0.15_0.15_28000_6000_6000.mat' ;