task_id=10;
secs=3.420605e+03;
minutes=5.701009e+01;
hours=9.501682e-01;
iterations=42000;
center=85;
data_set= '../../../common/data/data_h_add_0.7_0.15_0.15_28000_6000_6000.mat' ;