task_id=10;
center=85;
test_error_HBF1=2.172307e-02;
train_error_HBF1=2.155638e-02;
test_error_RBF=2.969162e-02;
train_error_RBF=2.899947e-02;