task_id=5;
center=38;
test_error_HBF1=2.691317e-02;
train_error_HBF1=2.635580e-02;
test_error_RBF=2.952791e-02;
train_error_RBF=2.865171e-02;