task_id=6;
center=48;
test_error_HBF1=2.161181e-02;
train_error_HBF1=2.134763e-02;
test_error_RBF=2.524394e-02;
train_error_RBF=2.457575e-02;