task_id=11;
center=95;
test_error_HBF1=2.036613e-02;
train_error_HBF1=2.048615e-02;
test_error_RBF=2.253184e-02;
train_error_RBF=2.152695e-02;