task_id=3;
center=19;
test_error_HBF1=2.566413e-02;
train_error_HBF1=2.521073e-02;
test_error_RBF=3.035965e-02;
train_error_RBF=2.958896e-02;