task_id=4;
center=29;
test_error_HBF1=2.540919e-02;
train_error_HBF1=2.487387e-02;
test_error_RBF=2.838224e-02;
train_error_RBF=2.751583e-02;