task_id=9;
center=76;
test_error_HBF1=2.181418e-02;
train_error_HBF1=2.181474e-02;
test_error_RBF=2.615441e-02;
train_error_RBF=2.535546e-02;