task_id=2;
center=10;
test_error_HBF1=2.871401e-02;
train_error_HBF1=2.781221e-02;
test_error_RBF=3.076873e-02;
train_error_RBF=2.992430e-02;