task_id=7;
center=57;
test_error_HBF1=2.167304e-02;
train_error_HBF1=2.032666e-02;
test_error_RBF=2.340540e-02;
train_error_RBF=2.201340e-02;