task_id=2;
secs=2.183395e+03;
minutes=3.638991e+01;
hours=6.064985e-01;
iterations=40001;
center=10;
data_set= '../../../common/data/data_h_gabor_0.7_0.15_0.15_28000_6000_6000.mat' ;