task_id=9;
secs=1.259114e+04;
minutes=2.098523e+02;
hours=3.497538e+00;
iterations=40001;
center=76;
data_set= '../../../common/data/data_h_gabor_0.7_0.15_0.15_28000_6000_6000.mat' ;