task_id=10;
secs=1.649389e+04;
minutes=2.748981e+02;
hours=4.581636e+00;
iterations=40001;
center=85;
data_set= '../../../common/data/data_h_gabor_0.7_0.15_0.15_28000_6000_6000.mat' ;