task_id=7;
secs=2.972091e+03;
minutes=4.953484e+01;
hours=8.255807e-01;
iterations=40001;
center=57;
data_set= '../../../common/data/data_h_gabor_0.7_0.15_0.15_28000_6000_6000.mat' ;