task_id=3;
secs=3.271426e+03;
minutes=5.452377e+01;
hours=9.087294e-01;
iterations=40001;
center=19;
data_set= '../../../common/data/data_h_gabor_0.7_0.15_0.15_28000_6000_6000.mat' ;