task_id=6;
secs=2.610739e+03;
minutes=4.351232e+01;
hours=7.252054e-01;
iterations=40001;
center=48;
data_set= '../../../common/data/data_h_gabor_0.7_0.15_0.15_28000_6000_6000.mat' ;