task_id=5;
secs=2.317385e+03;
minutes=3.862309e+01;
hours=6.437182e-01;
iterations=40001;
center=38;
data_set= '../../../common/data/data_h_gabor_0.7_0.15_0.15_28000_6000_6000.mat' ;