task_id=1;
center=10;
test_error_HBF1=3.304109e+03;
train_error_HBF1=3.227307e+03;
test_error_RBF=4.602895e+03;
train_error_RBF=4.505777e+03;