task_id=1;
secs=8.549295e+00;
minutes=1.424883e-01;
hours=2.374804e-03;
iterations=2200;
center=10;
data_set= '../../../common/data/data_h_add_0.7_0.15_0.15_28000_6000_6000.mat' ;