task_id=10;
center=118;
test_error_HBF1=5.442104e+01;
train_error_HBF1=5.440954e+01;
test_error_RBF=1.104465e+02;
train_error_RBF=8.549581e+01;
