task_id=8;
center=92;
test_error_HBF1=5.528097e+01;
train_error_HBF1=5.542152e+01;
test_error_RBF=3.330118e+01;
train_error_RBF=3.359132e+01;
