task_id=12;
center=145;
test_error_HBF1=5.670657e+01;
train_error_HBF1=5.670128e+01;
test_error_RBF=9.674611e+01;
train_error_RBF=8.527968e+01;
