task_id=9;
center=105;
test_error_HBF1=5.503195e+01;
train_error_HBF1=5.500984e+01;
test_error_RBF=9.737668e+01;
train_error_RBF=8.595132e+01;
