task_id=6;
center=66;
test_error_HBF1=5.464891e+01;
train_error_HBF1=5.476212e+01;
test_error_RBF=9.008406e+01;
train_error_RBF=8.490335e+01;
