task_id=7;
center=79;
test_error_HBF1=8.919861e+01;
train_error_HBF1=8.812332e+01;
test_error_RBF=9.048540e+01;
train_error_RBF=8.602737e+01;
