task_id=3;
center=27;
test_error_HBF1=5.582661e+01;
train_error_HBF1=5.565418e+01;
test_error_RBF=4.124311e+01;
train_error_RBF=4.132833e+01;
