task_id=4;
center=40;
test_error_HBF1=8.919468e+01;
train_error_HBF1=8.811953e+01;
test_error_RBF=8.838678e+01;
train_error_RBF=8.642576e+01;
