task_id=5;
center=53;
test_error_HBF1=5.321098e+01;
train_error_HBF1=5.319179e+01;
test_error_RBF=3.932796e+01;
train_error_RBF=3.966233e+01;
