task_id=2;
center=14;
test_error_HBF1=5.290145e+01;
train_error_HBF1=5.292049e+01;
test_error_RBF=1.822938e+28;
train_error_RBF=1.822938e+28;
