task_id=11;
center=132;
test_error_HBF1=8.920028e+01;
train_error_HBF1=8.812491e+01;
test_error_RBF=1.168783e+02;
train_error_RBF=8.559420e+01;
