task_id=3;
secs=3.669394e+03;
minutes=6.115657e+01;
hours=1.019276e+00;
iterations=6500;
center=27;
data_set= '../../../common/data/data_MNIST_0.7_0.15_0.15_49000_10500_10500.mat' ;