task_id=8;
secs=4.172240e+03;
minutes=6.953734e+01;
hours=1.158956e+00;
iterations=6500;
center=92;
data_set= '../../../common/data/data_MNIST_0.7_0.15_0.15_49000_10500_10500.mat' ;