task_id=4;
secs=3.742327e+03;
minutes=6.237211e+01;
hours=1.039535e+00;
iterations=6500;
center=40;
data_set= '../../../common/data/data_MNIST_0.7_0.15_0.15_49000_10500_10500.mat' ;