task_id=7;
secs=3.459814e+03;
minutes=5.766356e+01;
hours=9.610594e-01;
iterations=6500;
center=79;
data_set= '../../../common/data/data_MNIST_0.7_0.15_0.15_49000_10500_10500.mat' ;