task_id=6;
secs=3.943330e+03;
minutes=6.572217e+01;
hours=1.095369e+00;
iterations=6500;
center=66;
data_set= '../../../common/data/data_MNIST_0.7_0.15_0.15_49000_10500_10500.mat' ;