task_id=10;
secs=4.734963e+03;
minutes=7.891605e+01;
hours=1.315268e+00;
iterations=6500;
center=118;
data_set= '../../../common/data/data_MNIST_0.7_0.15_0.15_49000_10500_10500.mat' ;