task_id=11;
secs=4.489111e+03;
minutes=7.481851e+01;
hours=1.246975e+00;
iterations=6500;
center=132;
data_set= '../../../common/data/data_MNIST_0.7_0.15_0.15_49000_10500_10500.mat' ;