task_id=2;
secs=3.568711e+03;
minutes=5.947852e+01;
hours=9.913087e-01;
iterations=6500;
center=14;
data_set= '../../../common/data/data_MNIST_0.7_0.15_0.15_49000_10500_10500.mat' ;