task_id=12;
secs=5.708135e+03;
minutes=9.513558e+01;
hours=1.585593e+00;
iterations=6500;
center=145;
data_set= '../../../common/data/data_MNIST_0.7_0.15_0.15_49000_10500_10500.mat' ;