task_id=1;
secs=2.741029e+03;
minutes=4.568381e+01;
hours=7.613969e-01;
iterations=6500;
center=1;
data_set= '../../../common/data/data_MNIST_0.7_0.15_0.15_49000_10500_10500.mat' ;