task_id=9;
secs=4.539147e+03;
minutes=7.565245e+01;
hours=1.260874e+00;
iterations=6500;
center=105;
data_set= '../../../common/data/data_MNIST_0.7_0.15_0.15_49000_10500_10500.mat' ;