task_id=5;
secs=3.878988e+03;
minutes=6.464981e+01;
hours=1.077497e+00;
iterations=6500;
center=53;
data_set= '../../../common/data/data_MNIST_0.7_0.15_0.15_49000_10500_10500.mat' ;