task_id=11;
center=95;
test_error_HBF1=2.143545e-02;
train_error_HBF1=2.173547e-02;
test_error_RBF=2.468762e-02;
train_error_RBF=2.395084e-02;