task_id=2;
center=10;
test_error_HBF1=2.822419e-02;
train_error_HBF1=2.722508e-02;
test_error_RBF=2.969061e-02;
train_error_RBF=2.936725e-02;