task_id=19;
center=170;
test_error_HBF1=2.105685e-02;
train_error_HBF1=1.959231e-02;
test_error_RBF=2.108434e-02;
train_error_RBF=2.030892e-02;