task_id=4;
center=29;
test_error_HBF1=2.457718e-02;
train_error_HBF1=2.371699e-02;
test_error_RBF=2.852791e-02;
train_error_RBF=2.770143e-02;