task_id=7;
center=57;
test_error_HBF1=2.148731e-02;
train_error_HBF1=2.153657e-02;
test_error_RBF=2.353147e-02;
train_error_RBF=2.234423e-02;