task_id=20;
center=180;
test_error_HBF1=2.027722e-02;
train_error_HBF1=2.031300e-02;
test_error_RBF=1.639126e-02;
train_error_RBF=1.624854e-02;