task_id=10;
center=85;
test_error_HBF1=2.213512e-02;
train_error_HBF1=2.076440e-02;
test_error_RBF=2.533400e-02;
train_error_RBF=2.424179e-02;