task_id=14;
center=123;
test_error_HBF1=2.015887e-02;
train_error_HBF1=2.024880e-02;
test_error_RBF=2.093205e-02;
train_error_RBF=1.929473e-02;