task_id=16;
center=142;
test_error_HBF1=2.106960e-02;
train_error_HBF1=2.106717e-02;
test_error_RBF=2.106874e-02;
train_error_RBF=2.004245e-02;