task_id=17;
center=151;
test_error_HBF1=2.073348e-02;
train_error_HBF1=2.073075e-02;
test_error_RBF=1.834063e-02;
train_error_RBF=1.827116e-02;