task_id=5;
center=38;
test_error_HBF1=2.378538e-02;
train_error_HBF1=2.352532e-02;
test_error_RBF=2.868967e-02;
train_error_RBF=2.790008e-02;