task_id=13;
center=114;
test_error_HBF1=2.139900e-02;
train_error_HBF1=2.156608e-02;
test_error_RBF=2.530617e-02;
train_error_RBF=2.416531e-02;