task_id=3;
center=19;
test_error_HBF1=2.709362e-02;
train_error_HBF1=2.661192e-02;
test_error_RBF=3.005571e-02;
train_error_RBF=2.956500e-02;