task_id=18;
center=161;
test_error_HBF1=2.074963e-02;
train_error_HBF1=2.098750e-02;
test_error_RBF=1.826515e-02;
train_error_RBF=1.690441e-02;