task_id=15;
center=132;
test_error_HBF1=2.029953e-02;
train_error_HBF1=2.068080e-02;
test_error_RBF=2.073189e-02;
train_error_RBF=2.009269e-02;