task_id=12;
center=104;
test_error_HBF1=2.196063e-02;
train_error_HBF1=2.189538e-02;
test_error_RBF=2.004502e-02;
train_error_RBF=1.898282e-02;