task_id=9;
center=76;
test_error_HBF1=2.166205e-02;
train_error_HBF1=2.173053e-02;
test_error_RBF=2.407665e-02;
train_error_RBF=2.321135e-02;