task_id=8;
center=66;
test_error_HBF1=2.176847e-02;
train_error_HBF1=2.149895e-02;
test_error_RBF=2.116427e-02;
train_error_RBF=2.019372e-02;