task_id=6;
center=48;
test_error_HBF1=2.412596e-02;
train_error_HBF1=2.411431e-02;
test_error_RBF=2.774499e-02;
train_error_RBF=2.678685e-02;