task_id=11;
secs=1.783904e+04;
minutes=2.973174e+02;
hours=4.955290e+00;
iterations=40001;
center=95;
data_set= '../../../common/data/data_h_gabor_0.7_0.15_0.15_28000_6000_6000.mat' ;