task_id=1;
secs=4.385264e+03;
minutes=7.308774e+01;
hours=1.218129e+00;
iterations=40001;
center=1;
data_set= '../../../common/data/data_h_gabor_0.7_0.15_0.15_28000_6000_6000.mat' ;