task_id=14;
secs=2.652964e+04;
minutes=4.421606e+02;
hours=7.369344e+00;
iterations=40001;
center=123;
data_set= '../../../common/data/data_h_gabor_0.7_0.15_0.15_28000_6000_6000.mat' ;