task_id=20;
secs=4.819018e+04;
minutes=8.031697e+02;
hours=1.338616e+01;
iterations=40001;
center=180;
data_set= '../../../common/data/data_h_gabor_0.7_0.15_0.15_28000_6000_6000.mat' ;