task_id=5;
secs=1.205583e+04;
minutes=2.009306e+02;
hours=3.348843e+00;
iterations=40001;
center=38;
data_set= '../../../common/data/data_h_gabor_0.7_0.15_0.15_28000_6000_6000.mat' ;