task_id=16;
secs=6.019235e+04;
minutes=1.003206e+03;
hours=1.672010e+01;
iterations=40001;
center=142;
data_set= '../../../common/data/data_h_gabor_0.7_0.15_0.15_28000_6000_6000.mat' ;