task_id=12;
secs=2.693656e+04;
minutes=4.489427e+02;
hours=7.482378e+00;
iterations=40001;
center=104;
data_set= '../../../common/data/data_h_gabor_0.7_0.15_0.15_28000_6000_6000.mat' ;