task_id=7;
secs=1.415691e+04;
minutes=2.359484e+02;
hours=3.932474e+00;
iterations=40001;
center=57;
data_set= '../../../common/data/data_h_gabor_0.7_0.15_0.15_28000_6000_6000.mat' ;