task_id=10;
secs=1.912951e+04;
minutes=3.188252e+02;
hours=5.313753e+00;
iterations=40001;
center=85;
data_set= '../../../common/data/data_h_gabor_0.7_0.15_0.15_28000_6000_6000.mat' ;