task_id=9;
secs=1.722090e+04;
minutes=2.870150e+02;
hours=4.783583e+00;
iterations=40001;
center=76;
data_set= '../../../common/data/data_h_gabor_0.7_0.15_0.15_28000_6000_6000.mat' ;