task_id=3;
secs=6.510134e+03;
minutes=1.085022e+02;
hours=1.808370e+00;
iterations=40001;
center=19;
data_set= '../../../common/data/data_h_gabor_0.7_0.15_0.15_28000_6000_6000.mat' ;