task_id=8;
secs=1.655688e+04;
minutes=2.759481e+02;
hours=4.599135e+00;
iterations=40001;
center=66;
data_set= '../../../common/data/data_h_gabor_0.7_0.15_0.15_28000_6000_6000.mat' ;