task_id=18;
secs=5.325496e+04;
minutes=8.875826e+02;
hours=1.479304e+01;
iterations=40001;
center=161;
data_set= '../../../common/data/data_h_gabor_0.7_0.15_0.15_28000_6000_6000.mat' ;