task_id=17;
secs=6.808318e+04;
minutes=1.134720e+03;
hours=1.891200e+01;
iterations=40001;
center=151;
data_set= '../../../common/data/data_h_gabor_0.7_0.15_0.15_28000_6000_6000.mat' ;