task_id=4;
secs=8.534661e+03;
minutes=1.422443e+02;
hours=2.370739e+00;
iterations=40001;
center=29;
data_set= '../../../common/data/data_h_gabor_0.7_0.15_0.15_28000_6000_6000.mat' ;