task_id=8;
center=66;
test_error_HBF1=3.114409e-02;
train_error_HBF1=3.045958e-02;
test_error_RBF=2.258976e-02;
train_error_RBF=2.094237e-02;