task_id=6;
center=48;
test_error_HBF1=3.101233e-02;
train_error_HBF1=3.051794e-02;
test_error_RBF=3.075696e-02;
train_error_RBF=2.991638e-02;