task_id=13;
center=114;
test_error_HBF1=3.099418e-02;
train_error_HBF1=3.043134e-02;
test_error_RBF=1.727881e-02;
train_error_RBF=1.712377e-02;