task_id=18;
center=161;
test_error_HBF1=3.194193e-02;
train_error_HBF1=3.121534e-02;
test_error_RBF=7.734616e-03;
train_error_RBF=7.405498e-03;