task_id=17;
center=151;
test_error_HBF1=3.115515e-02;
train_error_HBF1=3.066745e-02;
test_error_RBF=2.349278e-02;
train_error_RBF=2.355296e-02;