task_id=19;
center=170;
test_error_HBF1=3.097480e-02;
train_error_HBF1=3.035006e-02;
test_error_RBF=1.099406e-02;
train_error_RBF=1.099803e-02;