task_id=14;
center=123;
test_error_HBF1=3.149974e-02;
train_error_HBF1=3.068677e-02;
test_error_RBF=2.233457e-02;
train_error_RBF=2.200243e-02;