task_id=11;
center=95;
test_error_HBF1=3.100047e-02;
train_error_HBF1=3.039260e-02;
test_error_RBF=2.965102e-02;
train_error_RBF=2.892963e-02;