task_id=20;
center=180;
test_error_HBF1=3.092214e-02;
train_error_HBF1=3.056377e-02;
test_error_RBF=1.832537e-02;
train_error_RBF=1.715183e-02;