task_id=9;
center=76;
test_error_HBF1=3.162794e-02;
train_error_HBF1=3.102597e-02;
test_error_RBF=3.045141e-02;
train_error_RBF=2.953182e-02;