task_id=3;
center=19;
test_error_HBF1=3.129692e-02;
train_error_HBF1=3.050615e-02;
test_error_RBF=3.135962e-02;
train_error_RBF=3.031128e-02;