task_id=2;
center=10;
test_error_HBF1=3.138725e-02;
train_error_HBF1=3.060970e-02;
test_error_RBF=3.157852e-02;
train_error_RBF=3.081753e-02;