task_id=15;
center=132;
test_error_HBF1=3.091390e-02;
train_error_HBF1=3.051285e-02;
test_error_RBF=2.500867e-02;
train_error_RBF=2.392584e-02;