task_id=16;
center=142;
test_error_HBF1=3.146316e-02;
train_error_HBF1=3.082883e-02;
test_error_RBF=1.865287e-02;
train_error_RBF=1.809624e-02;