task_id=12;
center=104;
test_error_HBF1=3.140117e-02;
train_error_HBF1=3.071148e-02;
test_error_RBF=2.982072e-02;
train_error_RBF=2.916811e-02;