task_id=4;
center=29;
test_error_HBF1=3.102488e-02;
train_error_HBF1=3.039854e-02;
test_error_RBF=3.109348e-02;
train_error_RBF=3.042474e-02;