task_id=7;
center=57;
test_error_HBF1=3.109505e-02;
train_error_HBF1=3.056920e-02;
test_error_RBF=3.047431e-02;
train_error_RBF=2.967440e-02;