task_id=10;
center=85;
test_error_HBF1=3.109792e-02;
train_error_HBF1=3.048208e-02;
test_error_RBF=2.825102e-02;
train_error_RBF=2.674136e-02;