task_id=5;
center=38;
test_error_HBF1=3.116768e-02;
train_error_HBF1=3.042135e-02;
test_error_RBF=3.094299e-02;
train_error_RBF=3.012150e-02;