task_id=12;
secs=2.854630e+04;
minutes=4.757717e+02;
hours=7.929529e+00;
iterations=39200;
center=104;
data_set= '../../../common/data/data_h_gabor_0.7_0.15_0.15_28000_6000_6000.mat' ;