task_id=7;
secs=1.819442e+04;
minutes=3.032404e+02;
hours=5.054006e+00;
iterations=39200;
center=57;
data_set= '../../../common/data/data_h_gabor_0.7_0.15_0.15_28000_6000_6000.mat' ;