task_id=9;
secs=2.295914e+04;
minutes=3.826523e+02;
hours=6.377538e+00;
iterations=39200;
center=76;
data_set= '../../../common/data/data_h_gabor_0.7_0.15_0.15_28000_6000_6000.mat' ;