task_id=6;
secs=1.096520e+04;
minutes=1.827533e+02;
hours=3.045889e+00;
iterations=39200;
center=48;
data_set= '../../../common/data/data_h_gabor_0.7_0.15_0.15_28000_6000_6000.mat' ;