task_id=14;
secs=3.633039e+04;
minutes=6.055065e+02;
hours=1.009178e+01;
iterations=39200;
center=123;
data_set= '../../../common/data/data_h_gabor_0.7_0.15_0.15_28000_6000_6000.mat' ;