task_id=10;
secs=2.768396e+04;
minutes=4.613993e+02;
hours=7.689988e+00;
iterations=39200;
center=85;
data_set= '../../../common/data/data_h_gabor_0.7_0.15_0.15_28000_6000_6000.mat' ;