task_id=5;
secs=9.835305e+03;
minutes=1.639217e+02;
hours=2.732029e+00;
iterations=39200;
center=38;
data_set= '../../../common/data/data_h_gabor_0.7_0.15_0.15_28000_6000_6000.mat' ;