task_id=4;
secs=8.057769e+03;
minutes=1.342961e+02;
hours=2.238269e+00;
iterations=39200;
center=29;
data_set= '../../../common/data/data_h_gabor_0.7_0.15_0.15_28000_6000_6000.mat' ;