task_id=15;
secs=3.837440e+04;
minutes=6.395734e+02;
hours=1.065956e+01;
iterations=39200;
center=132;
data_set= '../../../common/data/data_h_gabor_0.7_0.15_0.15_28000_6000_6000.mat' ;