task_id=18;
secs=4.278386e+04;
minutes=7.130643e+02;
hours=1.188441e+01;
iterations=39200;
center=161;
data_set= '../../../common/data/data_h_gabor_0.7_0.15_0.15_28000_6000_6000.mat' ;