task_id=1;
secs=4.504429e+03;
minutes=7.507382e+01;
hours=1.251230e+00;
iterations=39200;
center=1;
data_set= '../../../common/data/data_h_gabor_0.7_0.15_0.15_28000_6000_6000.mat' ;