task_id=11;
secs=2.692227e+04;
minutes=4.487045e+02;
hours=7.478408e+00;
iterations=39200;
center=95;
data_set= '../../../common/data/data_h_gabor_0.7_0.15_0.15_28000_6000_6000.mat' ;