task_id=16;
secs=3.732142e+04;
minutes=6.220237e+02;
hours=1.036706e+01;
iterations=39200;
center=142;
data_set= '../../../common/data/data_h_gabor_0.7_0.15_0.15_28000_6000_6000.mat' ;