task_id=17;
secs=3.932420e+04;
minutes=6.554033e+02;
hours=1.092339e+01;
iterations=39200;
center=151;
data_set= '../../../common/data/data_h_gabor_0.7_0.15_0.15_28000_6000_6000.mat' ;