task_id=19;
secs=4.738289e+04;
minutes=7.897148e+02;
hours=1.316191e+01;
iterations=39200;
center=170;
data_set= '../../../common/data/data_h_gabor_0.7_0.15_0.15_28000_6000_6000.mat' ;