task_id=2;
secs=5.505905e+03;
minutes=9.176509e+01;
hours=1.529418e+00;
iterations=39200;
center=10;
data_set= '../../../common/data/data_h_gabor_0.7_0.15_0.15_28000_6000_6000.mat' ;