task_id=3;
secs=6.806252e+03;
minutes=1.134375e+02;
hours=1.890626e+00;
iterations=39200;
center=19;
data_set= '../../../common/data/data_h_gabor_0.7_0.15_0.15_28000_6000_6000.mat' ;