task_id=8;
secs=2.075712e+04;
minutes=3.459520e+02;
hours=5.765867e+00;
iterations=39200;
center=66;
data_set= '../../../common/data/data_h_gabor_0.7_0.15_0.15_28000_6000_6000.mat' ;