task_id=20;
secs=4.691960e+04;
minutes=7.819934e+02;
hours=1.303322e+01;
iterations=39200;
center=180;
data_set= '../../../common/data/data_h_gabor_0.7_0.15_0.15_28000_6000_6000.mat' ;