task_id=2;
center=56;
test_error_HBF1=2.768014e-01;
train_error_HBF1=2.847036e-01;
test_error_RBF=1.388654e-01;
train_error_RBF=1.446478e-01;