task_id=3;
secs=3.054463e+04;
minutes=5.090772e+02;
hours=8.484620e+00;
iterations=42000;
center=120;
data_set= '../../../common/data/data_h_add_0.7_0.15_0.15_28000_6000_6000.mat' ;