task_id=3;
center=10;
test_error_HBF1=4.227832e-01;
train_error_HBF1=4.317389e-01;
test_error_RBF=3.908487e-01;
train_error_RBF=3.997894e-01;