task_id=1;
secs=1.796647e+05;
minutes=2.994412e+03;
hours=4.990687e+01;
iterations=98000;
center=1;
data_set=../../../common/data/data_MNIST_0.7_0.15_0.15_49000_10500_10500.mat;