task_id=1;
center=10;
test_error_HBF1=3.455368e+03;
train_error_HBF1=3.391463e+03;
test_error_RBF=2.902007e+03;
train_error_RBF=2.738086e+03;