task_id=1;
center=10;
test_error_HBF1=3.291637e+03;
train_error_HBF1=3.221936e+03;
test_error_RBF=2.326644e+03;
train_error_RBF=2.299642e+03;