task_id=1;
secs=7.899416e+00;
minutes=1.316569e-01;
hours=2.194282e-03;
iterations=2000;
center=10;
data_set= '../../../common/data/data_h_add_0.7_0.15_0.15_28000_6000_6000.mat' ;