task_id=2;
secs=5.230645e+02;
minutes=8.717742e+00;
hours=1.452957e-01;
iterations=61600;
center=10;
data_set= '../../../common/data/data_h_gabor_0.7_0.15_0.15_28000_6000_6000.mat' ;