task_id=1;
secs=4.099968e+02;
minutes=6.833279e+00;
hours=1.138880e-01;
iterations=61600;
center=1;
data_set= '../../../common/data/data_h_gabor_0.7_0.15_0.15_28000_6000_6000.mat' ;