task_id=20;
secs=2.891441e+03;
minutes=4.819069e+01;
hours=8.031781e-01;
iterations=61600;
center=180;
data_set= '../../../common/data/data_h_gabor_0.7_0.15_0.15_28000_6000_6000.mat' ;