task_id=19;
secs=2.771842e+03;
minutes=4.619737e+01;
hours=7.699561e-01;
iterations=61600;
center=170;
data_set= '../../../common/data/data_h_gabor_0.7_0.15_0.15_28000_6000_6000.mat' ;