task_id=4;
secs=9.530784e+02;
minutes=1.588464e+01;
hours=2.647440e-01;
iterations=61600;
center=29;
data_set= '../../../common/data/data_h_gabor_0.7_0.15_0.15_28000_6000_6000.mat' ;