task_id=11;
center=95;
test_error_HBF1=1.824929e+00;
train_error_HBF1=1.863529e+00;
test_error_RBF=2.517702e-02;
train_error_RBF=2.369402e-02;