task_id=12;
center=104;
test_error_HBF1=1.467711e+00;
train_error_HBF1=1.506867e+00;
test_error_RBF=2.603191e-02;
train_error_RBF=2.546115e-02;