task_id=7;
center=57;
test_error_HBF1=6.467163e+04;
train_error_HBF1=6.465281e+04;
test_error_RBF=4.071599e+02;
train_error_RBF=4.096695e+02;