task_id=19;
center=170;
test_error_HBF1=3.679455e+05;
train_error_HBF1=3.665952e+05;
test_error_RBF=4.099881e+01;
train_error_RBF=4.003410e+01;