task_id=12;
center=104;
test_error_HBF1=1.043759e+04;
train_error_HBF1=1.026067e+04;
test_error_RBF=7.102011e+01;
train_error_RBF=7.359757e+01;