task_id=10;
center=85;
test_error_HBF1=1.374864e+03;
train_error_HBF1=1.251519e+03;
test_error_RBF=1.449805e+02;
train_error_RBF=1.424309e+02;