task_id=17;
center=151;
test_error_HBF1=1.111594e+06;
train_error_HBF1=1.074611e+06;
test_error_RBF=1.990773e+01;
train_error_RBF=1.967058e+01;