task_id=9;
center=76;
test_error_HBF1=1.312372e+03;
train_error_HBF1=1.249794e+03;
test_error_RBF=4.353330e+02;
train_error_RBF=4.253794e+02;