task_id=16;
center=142;
test_error_HBF1=7.483449e+04;
train_error_HBF1=6.742072e+04;
test_error_RBF=2.168527e+01;
train_error_RBF=2.157732e+01;