task_id=2;
center=10;
test_error_HBF1=1.065642e+03;
train_error_HBF1=1.042512e+03;
test_error_RBF=2.902007e+03;
train_error_RBF=2.738086e+03;