task_id=14;
center=123;
test_error_HBF1=1.606052e+04;
train_error_HBF1=1.591489e+04;
test_error_RBF=5.654683e+01;
train_error_RBF=5.828076e+01;