task_id=11;
center=95;
test_error_HBF1=1.545739e+03;
train_error_HBF1=1.538690e+03;
test_error_RBF=6.870978e+01;
train_error_RBF=7.102206e+01;