task_id=5;
center=38;
test_error_HBF1=2.160034e+02;
train_error_HBF1=2.228516e+02;
test_error_RBF=7.008588e+02;
train_error_RBF=7.485660e+02;