task_id=3;
center=19;
test_error_HBF1=2.368885e+02;
train_error_HBF1=2.273578e+02;
test_error_RBF=1.589904e+03;
train_error_RBF=1.570658e+03;