task_id=20;
center=180;
test_error_HBF1=3.209855e+05;
train_error_HBF1=3.658393e+05;
test_error_RBF=3.303125e+01;
train_error_RBF=3.329431e+01;