task_id=18;
center=161;
test_error_HBF1=7.097912e+04;
train_error_HBF1=7.167505e+04;
test_error_RBF=4.015799e+01;
train_error_RBF=3.182031e+01;