task_id=15;
center=132;
test_error_HBF1=2.538118e+04;
train_error_HBF1=2.445336e+04;
test_error_RBF=3.917241e+01;
train_error_RBF=3.699724e+01;