task_id=13;
center=114;
test_error_HBF1=1.097197e+05;
train_error_HBF1=1.130750e+05;
test_error_RBF=6.652391e+01;
train_error_RBF=6.699921e+01;