task_id=8;
center=66;
test_error_HBF1=1.801922e+04;
train_error_HBF1=2.012624e+04;
test_error_RBF=2.839566e+02;
train_error_RBF=2.806618e+02;