task_id=10;
secs=9.011631e+02;
minutes=1.501938e+01;
hours=2.503231e-01;
iterations=15000;
center=85;
data_set= '../../../common/data/data_h_add_0.7_0.15_0.15_28000_6000_6000.mat' ;