task_id=4;
secs=3.575041e+02;
minutes=5.958402e+00;
hours=9.930670e-02;
iterations=15000;
center=29;
data_set= '../../../common/data/data_h_add_0.7_0.15_0.15_28000_6000_6000.mat' ;