task_id=15;
secs=1.774348e+03;
minutes=2.957247e+01;
hours=4.928745e-01;
iterations=15000;
center=132;
data_set= '../../../common/data/data_h_add_0.7_0.15_0.15_28000_6000_6000.mat' ;