task_id=19;
secs=2.256406e+03;
minutes=3.760676e+01;
hours=6.267793e-01;
iterations=15000;
center=170;
data_set= '../../../common/data/data_h_add_0.7_0.15_0.15_28000_6000_6000.mat' ;