task_id=6;
secs=5.693610e+02;
minutes=9.489349e+00;
hours=1.581558e-01;
iterations=15000;
center=48;
data_set= '../../../common/data/data_h_add_0.7_0.15_0.15_28000_6000_6000.mat' ;