task_id=8;
secs=7.000512e+02;
minutes=1.166752e+01;
hours=1.944587e-01;
iterations=15000;
center=66;
data_set= '../../../common/data/data_h_add_0.7_0.15_0.15_28000_6000_6000.mat' ;