task_id=11;
secs=1.114931e+03;
minutes=1.858218e+01;
hours=3.097030e-01;
iterations=15000;
center=95;
data_set= '../../../common/data/data_h_add_0.7_0.15_0.15_28000_6000_6000.mat' ;