task_id=12;
secs=1.211161e+03;
minutes=2.018602e+01;
hours=3.364337e-01;
iterations=15000;
center=104;
data_set= '../../../common/data/data_h_add_0.7_0.15_0.15_28000_6000_6000.mat' ;