task_id=14;
secs=1.669160e+03;
minutes=2.781933e+01;
hours=4.636554e-01;
iterations=15000;
center=123;
data_set= '../../../common/data/data_h_add_0.7_0.15_0.15_28000_6000_6000.mat' ;