task_id=18;
secs=2.127381e+03;
minutes=3.545635e+01;
hours=5.909392e-01;
iterations=15000;
center=161;
data_set= '../../../common/data/data_h_add_0.7_0.15_0.15_28000_6000_6000.mat' ;