task_id=13;
secs=1.547014e+03;
minutes=2.578357e+01;
hours=4.297262e-01;
iterations=15000;
center=114;
data_set= '../../../common/data/data_h_add_0.7_0.15_0.15_28000_6000_6000.mat' ;