task_id=19;
center=170;
test_error_HBF1=2.537171e-02;
train_error_HBF1=2.508774e-02;
test_error_RBF=2.007371e-02;
train_error_RBF=1.889382e-02;