task_id=15;
center=132;
test_error_HBF1=2.530250e-02;
train_error_HBF1=2.523424e-02;
test_error_RBF=2.028106e-02;
train_error_RBF=2.074688e-02;