task_id=5;
center=38;
test_error_HBF1=2.630310e-02;
train_error_HBF1=2.596921e-02;
test_error_RBF=3.043960e-02;
train_error_RBF=2.921131e-02;