task_id=16;
center=142;
test_error_HBF1=2.548119e-02;
train_error_HBF1=2.532362e-02;
test_error_RBF=1.566097e-02;
train_error_RBF=1.520192e-02;