task_id=6;
center=48;
test_error_HBF1=2.638066e-02;
train_error_HBF1=2.556817e-02;
test_error_RBF=2.802137e-02;
train_error_RBF=2.743105e-02;