task_id=20;
center=180;
test_error_HBF1=2.537713e-02;
train_error_HBF1=2.533160e-02;
test_error_RBF=1.146791e-02;
train_error_RBF=1.099689e-02;