task_id=10;
center=85;
test_error_HBF1=2.554835e-02;
train_error_HBF1=2.518189e-02;
test_error_RBF=2.614329e-02;
train_error_RBF=2.510663e-02;