task_id=13;
center=114;
test_error_HBF1=2.504112e-02;
train_error_HBF1=2.489601e-02;
test_error_RBF=2.093013e-02;
train_error_RBF=1.987326e-02;