task_id=18;
center=161;
test_error_HBF1=2.497120e-02;
train_error_HBF1=2.479747e-02;
test_error_RBF=1.609999e-02;
train_error_RBF=1.612903e-02;