task_id=8;
center=66;
test_error_HBF1=2.666895e-02;
train_error_HBF1=2.637598e-02;
test_error_RBF=2.191606e-02;
train_error_RBF=2.093559e-02;