task_id=4;
center=29;
test_error_HBF1=2.682600e-02;
train_error_HBF1=2.549982e-02;
test_error_RBF=2.903852e-02;
train_error_RBF=2.832048e-02;