task_id=14;
center=123;
test_error_HBF1=2.521836e-02;
train_error_HBF1=2.486312e-02;
test_error_RBF=2.063406e-02;
train_error_RBF=1.996444e-02;