task_id=11;
center=95;
test_error_HBF1=2.498632e-02;
train_error_HBF1=2.480113e-02;
test_error_RBF=2.245182e-02;
train_error_RBF=2.228927e-02;