task_id=17;
center=151;
test_error_HBF1=2.521447e-02;
train_error_HBF1=2.513184e-02;
test_error_RBF=1.467266e-02;
train_error_RBF=1.470564e-02;