task_id=7;
center=57;
test_error_HBF1=2.547725e-02;
train_error_HBF1=2.521859e-02;
test_error_RBF=2.479212e-02;
train_error_RBF=2.406700e-02;