task_id=9;
center=76;
test_error_HBF1=2.564983e-02;
train_error_HBF1=2.529110e-02;
test_error_RBF=2.558707e-02;
train_error_RBF=2.499970e-02;