task_id=2;
center=10;
test_error_HBF1=2.779377e-02;
train_error_HBF1=2.744745e-02;
test_error_RBF=3.088279e-02;
train_error_RBF=3.000443e-02;