task_id=12;
center=104;
test_error_HBF1=2.545161e-02;
train_error_HBF1=2.517316e-02;
test_error_RBF=2.394194e-02;
train_error_RBF=2.383856e-02;