task_id=3;
center=19;
test_error_HBF1=2.690077e-02;
train_error_HBF1=2.569269e-02;
test_error_RBF=2.911191e-02;
train_error_RBF=2.783937e-02;