task_id=18;
secs=5.471314e+03;
minutes=9.118857e+01;
hours=1.519810e+00;
iterations=40001;
center=161;
data_set= '../../../common/data/data_h_gabor_0.7_0.15_0.15_28000_6000_6000.mat' ;