task_id=9;
secs=2.979541e+03;
minutes=4.965901e+01;
hours=8.276502e-01;
iterations=40001;
center=76;
data_set= '../../../common/data/data_h_gabor_0.7_0.15_0.15_28000_6000_6000.mat' ;