task_id=3;
secs=1.339490e+03;
minutes=2.232483e+01;
hours=3.720805e-01;
iterations=40001;
center=19;
data_set= '../../../common/data/data_h_gabor_0.7_0.15_0.15_28000_6000_6000.mat' ;