task_id=16;
secs=5.002093e+03;
minutes=8.336822e+01;
hours=1.389470e+00;
iterations=40001;
center=142;
data_set= '../../../common/data/data_h_gabor_0.7_0.15_0.15_28000_6000_6000.mat' ;