task_id=8;
secs=2.717591e+03;
minutes=4.529318e+01;
hours=7.548863e-01;
iterations=40001;
center=66;
data_set= '../../../common/data/data_h_gabor_0.7_0.15_0.15_28000_6000_6000.mat' ;