task_id=15;
secs=8.541736e+03;
minutes=1.423623e+02;
hours=2.372704e+00;
iterations=40001;
center=132;
data_set= '../../../common/data/data_h_gabor_0.7_0.15_0.15_28000_6000_6000.mat' ;