task_id=2;
secs=1.103244e+03;
minutes=1.838739e+01;
hours=3.064566e-01;
iterations=40001;
center=10;
data_set= '../../../common/data/data_h_gabor_0.7_0.15_0.15_28000_6000_6000.mat' ;