task_id=17;
secs=5.287774e+03;
minutes=8.812957e+01;
hours=1.468826e+00;
iterations=40001;
center=151;
data_set= '../../../common/data/data_h_gabor_0.7_0.15_0.15_28000_6000_6000.mat' ;