task_id=11;
secs=6.237652e+03;
minutes=1.039609e+02;
hours=1.732681e+00;
iterations=40001;
center=95;
data_set= '../../../common/data/data_h_gabor_0.7_0.15_0.15_28000_6000_6000.mat' ;