task_id=20;
center=180;
test_error_HBF1=1.097866e+01;
train_error_HBF1=1.090522e+01;
test_error_RBF=9.143278e-04;
train_error_RBF=1.048710e-03;