task_id=3;
secs=4.673199e+04;
minutes=7.788665e+02;
hours=1.298111e+01;
iterations=58800;
center=180;
data_set= '../../../common/data/data_h_1_x2_y2_sinxy_0.7_0.15_0.15_28000_6000_6000.mat' ;