task_id=5;
center=10;
test_error_HBF1=9.546143e+00;
train_error_HBF1=9.619086e+00;
test_error_RBF=3.866355e-01;
train_error_RBF=3.795903e-01;