task_id=3;
center=19;
test_error_HBF1=1.103295e+01;
train_error_HBF1=1.075641e+01;
test_error_RBF=3.165979e-02;
train_error_RBF=3.082231e-02;