task_id=11;
center=95;
test_error_HBF1=2.175588e+01;
train_error_HBF1=2.115576e+01;
test_error_RBF=3.166304e-02;
train_error_RBF=3.080274e-02;