task_id=16;
center=142;
test_error_HBF1=6.826348e+00;
train_error_HBF1=6.847507e+00;
test_error_RBF=3.141791e-02;
train_error_RBF=3.050599e-02;