task_id=17;
center=151;
test_error_HBF1=1.322063e+01;
train_error_HBF1=1.335554e+01;
test_error_RBF=3.130294e-02;
train_error_RBF=3.038754e-02;