task_id=8;
center=66;
test_error_HBF1=1.911696e+01;
train_error_HBF1=1.947167e+01;
test_error_RBF=3.166690e-02;
train_error_RBF=3.081899e-02;