task_id=4;
center=29;
test_error_HBF1=1.529918e+01;
train_error_HBF1=1.532169e+01;
test_error_RBF=3.165990e-02;
train_error_RBF=3.082189e-02;