task_id=2;
center=10;
test_error_HBF1=3.981547e+00;
train_error_HBF1=4.018784e+00;
test_error_RBF=3.164669e-02;
train_error_RBF=3.082622e-02;