task_id=14;
center=123;
test_error_HBF1=7.140867e+00;
train_error_HBF1=7.151259e+00;
test_error_RBF=3.161407e-02;
train_error_RBF=3.073385e-02;