task_id=20;
center=180;
test_error_HBF1=1.028459e+01;
train_error_HBF1=1.033208e+01;
test_error_RBF=3.082366e-02;
train_error_RBF=2.979210e-02;