task_id=6;
secs=1.704958e+03;
minutes=2.841597e+01;
hours=4.735996e-01;
iterations=30800;
center=48;
data_set= '../../../common/data/data_h_gabor_0.7_0.15_0.15_28000_6000_6000.mat' ;