task_id=2;
secs=5.579531e+02;
minutes=9.299219e+00;
hours=1.549870e-01;
iterations=30800;
center=10;
data_set= '../../../common/data/data_h_gabor_0.7_0.15_0.15_28000_6000_6000.mat' ;