task_id=12;
secs=4.035804e+03;
minutes=6.726340e+01;
hours=1.121057e+00;
iterations=30800;
center=104;
data_set= '../../../common/data/data_h_gabor_0.7_0.15_0.15_28000_6000_6000.mat' ;