task_id=1;
center=250;
test_error_HBF1=5.602283e+01;
train_error_HBF1=5.601394e+01;
test_error_RBF=1.632784e+00;
train_error_RBF=1.650714e+00;
