task_id=12;
center=104;
test_error_HBF1=1.665885e+01;
train_error_HBF1=1.704825e+01;
test_error_RBF=1.270654e+02;
train_error_RBF=1.244877e+02;