task_id=3;
center=19;
test_error_HBF1=3.806386e+02;
train_error_HBF1=3.757818e+02;
test_error_RBF=1.936626e+03;
train_error_RBF=1.880297e+03;