task_id=16;
secs=2.722378e+04;
minutes=4.537296e+02;
hours=7.562160e+00;
iterations=42000;
center=142;
data_set= '../../../common/data/data_h_add_0.7_0.15_0.15_28000_6000_6000.mat' ;