task_id=1;
secs=8.645953e+02;
minutes=1.440992e+01;
hours=2.401654e-01;
iterations=42000;
center=1;
data_set= '../../../common/data/data_h_add_0.7_0.15_0.15_28000_6000_6000.mat' ;