task_id=13;
secs=2.268724e+04;
minutes=3.781207e+02;
hours=6.302012e+00;
iterations=42000;
center=114;
data_set= '../../../common/data/data_h_add_0.7_0.15_0.15_28000_6000_6000.mat' ;