task_id=15;
secs=2.609102e+04;
minutes=4.348504e+02;
hours=7.247506e+00;
iterations=42000;
center=132;
data_set= '../../../common/data/data_h_add_0.7_0.15_0.15_28000_6000_6000.mat' ;