task_id=2;
center=30;
test_error_HBF1=5.048747e+01;
train_error_HBF1=5.016663e+01;
test_error_RBF=1.422495e+03;
train_error_RBF=1.472621e+03;