task_id=7;
center=180;
test_error_HBF1=9.683545e+00;
train_error_HBF1=9.746837e+00;
test_error_RBF=1.409311e+01;
train_error_RBF=1.398680e+01;