task_id=8;
secs=5.076794e+03;
minutes=8.461324e+01;
hours=1.410221e+00;
iterations=30800;
center=180;
data_set= '../../../common/data/data_h_1_x2_y2_sinxy_0.7_0.15_0.15_28000_6000_6000.mat' ;