task_id=4;
center=29;
test_error_HBF1=1.624040e+00;
train_error_HBF1=1.625610e+00;
test_error_RBF=1.001235e+00;
train_error_RBF=9.989393e-01;