task_id=9;
center=76;
test_error_HBF1=6.892060e+00;
train_error_HBF1=6.842179e+00;
test_error_RBF=1.001169e+00;
train_error_RBF=9.973851e-01;