task_id=7;
center=57;
test_error_HBF1=5.352683e+00;
train_error_HBF1=5.383532e+00;
test_error_RBF=1.001501e+00;
train_error_RBF=9.975924e-01;