task_id=4;
secs=1.211469e+04;
minutes=2.019115e+02;
hours=3.365191e+00;
iterations=61600;
center=29;
data_set= '../../../common/data/data_h_D10_x2sinx2_0.7_0.15_0.15_28000_6000_6000.mat' ;