task_id=1;
secs=2.513600e+03;
minutes=4.189333e+01;
hours=6.982221e-01;
iterations=61600;
center=1;
data_set= '../../../common/data/data_h_D10_x2sinx2_0.7_0.15_0.15_28000_6000_6000.mat' ;