task_id=9;
center=222;
test_error_HBF1=4.664408e+01;
train_error_HBF1=4.668889e+01;
test_error_RBF=2.594392e+02;
train_error_RBF=8.425965e+01;
