task_id=3;
center=56;
test_error_HBF1=4.779546e+01;
train_error_HBF1=4.776799e+01;
test_error_RBF=8.836280e+01;
train_error_RBF=8.584124e+01;
