task_id=2;
center=28;
test_error_HBF1=5.120439e+01;
train_error_HBF1=5.122015e+01;
test_error_RBF=9.081999e+01;
train_error_RBF=8.658596e+01;
