task_id=4;
center=84;
test_error_HBF1=4.414288e+01;
train_error_HBF1=4.440307e+01;
test_error_RBF=8.927806e+01;
train_error_RBF=8.478842e+01;
