task_id=6;
center=139;
test_error_HBF1=4.822417e+01;
train_error_HBF1=4.842019e+01;
test_error_RBF=9.228821e+01;
train_error_RBF=8.513365e+01;
