task_id=5;
center=111;
test_error_HBF1=4.732378e+01;
train_error_HBF1=4.738595e+01;
test_error_RBF=1.047956e+02;
train_error_RBF=8.511101e+01;
