task_id=10;
center=250;
test_error_HBF1=4.798862e+01;
train_error_HBF1=4.804630e+01;
test_error_RBF=1.082039e+02;
train_error_RBF=8.307864e+01;
