task_id=8;
center=194;
test_error_HBF1=5.217493e+01;
train_error_HBF1=5.221656e+01;
test_error_RBF=1.274836e+02;
train_error_RBF=8.387604e+01;
