task_id=7;
center=167;
test_error_HBF1=4.823236e+01;
train_error_HBF1=4.825895e+01;
test_error_RBF=1.309188e+02;
train_error_RBF=8.316716e+01;
