task_id=8;
secs=1.735808e+03;
minutes=2.893014e+01;
hours=4.821689e-01;
iterations=19017;
center=194;
data_set= '../../../common/data/data_MNIST_0.7_0.15_0.15_49000_10500_10500.mat' ;