task_id=7;
secs=1.565647e+03;
minutes=2.609412e+01;
hours=4.349020e-01;
iterations=19017;
center=167;
data_set= '../../../common/data/data_MNIST_0.7_0.15_0.15_49000_10500_10500.mat' ;