task_id=10;
secs=1.891740e+03;
minutes=3.152900e+01;
hours=5.254834e-01;
iterations=19017;
center=250;
data_set= '../../../common/data/data_MNIST_0.7_0.15_0.15_49000_10500_10500.mat' ;