task_id=5;
secs=1.324573e+03;
minutes=2.207621e+01;
hours=3.679369e-01;
iterations=19017;
center=111;
data_set= '../../../common/data/data_MNIST_0.7_0.15_0.15_49000_10500_10500.mat' ;