task_id=2;
secs=1.090078e+03;
minutes=1.816796e+01;
hours=3.027994e-01;
iterations=19017;
center=28;
data_set= '../../../common/data/data_MNIST_0.7_0.15_0.15_49000_10500_10500.mat' ;