task_id=6;
secs=1.617432e+03;
minutes=2.695719e+01;
hours=4.492866e-01;
iterations=19017;
center=139;
data_set= '../../../common/data/data_MNIST_0.7_0.15_0.15_49000_10500_10500.mat' ;