task_id=1;
secs=8.049946e+02;
minutes=1.341658e+01;
hours=2.236096e-01;
iterations=19017;
center=1;
data_set= '../../../common/data/data_MNIST_0.7_0.15_0.15_49000_10500_10500.mat' ;