task_id=4;
secs=1.195688e+03;
minutes=1.992814e+01;
hours=3.321357e-01;
iterations=19017;
center=84;
data_set= '../../../common/data/data_MNIST_0.7_0.15_0.15_49000_10500_10500.mat' ;