task_id=9;
secs=1.497206e+03;
minutes=2.495343e+01;
hours=4.158906e-01;
iterations=19017;
center=222;
data_set= '../../../common/data/data_MNIST_0.7_0.15_0.15_49000_10500_10500.mat' ;