task_id=3;
secs=1.113822e+03;
minutes=1.856370e+01;
hours=3.093951e-01;
iterations=19017;
center=56;
data_set= '../../../common/data/data_MNIST_0.7_0.15_0.15_49000_10500_10500.mat' ;