task_id=4;
center=29;
test_error_HBF1=4.883062e+02;
train_error_HBF1=4.806063e+02;
test_error_RBF=4.883052e+02;
train_error_RBF=4.801574e+02;