task_id=11;
center=95;
test_error_HBF1=4.883040e+02;
train_error_HBF1=4.805812e+02;
test_error_RBF=4.882606e+02;
train_error_RBF=4.790325e+02;