task_id=15;
center=132;
test_error_HBF1=4.883069e+02;
train_error_HBF1=4.805498e+02;
test_error_RBF=4.884593e+02;
train_error_RBF=4.784879e+02;