task_id=12;
center=104;
test_error_HBF1=4.882996e+02;
train_error_HBF1=4.805525e+02;
test_error_RBF=4.881003e+02;
train_error_RBF=4.782571e+02;