task_id=18;
center=161;
test_error_HBF1=4.883177e+02;
train_error_HBF1=4.805251e+02;
test_error_RBF=4.883599e+02;
train_error_RBF=4.776816e+02;