task_id=2;
secs=1.020716e+03;
minutes=1.701193e+01;
hours=2.835322e-01;
iterations=61600;
center=10;
data_set= '../../../common/data/data_h_D10_x2sinx_0.7_0.15_0.15_28000_6000_6000.mat' ;