task_id=6;
secs=3.509729e+03;
minutes=5.849548e+01;
hours=9.749246e-01;
iterations=61600;
center=48;
data_set= '../../../common/data/data_h_D10_x2sinx_0.7_0.15_0.15_28000_6000_6000.mat' ;