task_id=16;
secs=8.496239e+03;
minutes=1.416040e+02;
hours=2.360066e+00;
iterations=61600;
center=142;
data_set= '../../../common/data/data_h_D10_x2sinx_0.7_0.15_0.15_28000_6000_6000.mat' ;