task_id=21;
center=517;
test_error_HBF1=1.000354e+00;
train_error_HBF1=1.000361e+00;
test_error_RBF=1.066237e-01;
train_error_RBF=9.485477e-02;