task_id=16;
center=388;
test_error_HBF1=1.004436e+00;
train_error_HBF1=1.004535e+00;
test_error_RBF=1.124295e-01;
train_error_RBF=1.008423e-01;