task_id=8;
center=182;
test_error_HBF1=1.000844e+00;
train_error_HBF1=1.000867e+00;
test_error_RBF=1.579204e-01;
train_error_RBF=1.499375e-01;