task_id=6;
center=139;
test_error_HBF1=1.088449e+02;
train_error_HBF1=1.083254e+02;
test_error_RBF=2.724710e+01;
train_error_RBF=2.731554e+01;
