task_id=10;
center=250;
test_error_HBF1=7.766447e+01;
train_error_HBF1=7.711087e+01;
test_error_RBF=5.204354e+161;
train_error_RBF=5.204354e+161;
