task_id=7;
center=167;
test_error_HBF1=1.419948e+02;
train_error_HBF1=1.451921e+02;
test_error_RBF=2.447664e+01;
train_error_RBF=2.489624e+01;
