task_id=9;
center=222;
test_error_HBF1=1.784302e+02;
train_error_HBF1=1.885595e+02;
test_error_RBF=1.994815e+01;
train_error_RBF=2.021984e+01;
