task_id=8;
center=194;
test_error_HBF1=6.749343e+01;
train_error_HBF1=6.738552e+01;
test_error_RBF=3.691461e+110;
train_error_RBF=3.691706e+110;
