task_id=4;
center=84;
test_error_HBF1=8.635236e+01;
train_error_HBF1=8.699813e+01;
test_error_RBF=5.974438e+01;
train_error_RBF=5.913530e+01;
