task_id=5;
center=111;
test_error_HBF1=9.388401e+01;
train_error_HBF1=9.804901e+01;
test_error_RBF=2.412522e+01;
train_error_RBF=2.437320e+01;
