task_id=5;
secs=1.519184e+02;
minutes=2.531973e+00;
hours=4.219955e-02;
iterations=2500;
center=111;
data_set= '../../../common/data/data_MNIST_0.7_0.15_0.15_49000_10500_10500.mat' ;