task_id=9;
secs=8.198376e+02;
minutes=1.366396e+01;
hours=2.277327e-01;
iterations=2500;
center=222;
data_set= '../../../common/data/data_MNIST_0.7_0.15_0.15_49000_10500_10500.mat' ;