task_id=2;
secs=1.461476e+02;
minutes=2.435794e+00;
hours=4.059656e-02;
iterations=2500;
center=28;
data_set= '../../../common/data/data_MNIST_0.7_0.15_0.15_49000_10500_10500.mat' ;