task_id=1;
secs=2.483682e+02;
minutes=4.139471e+00;
hours=6.899118e-02;
iterations=2500;
center=1;
data_set= '../../../common/data/data_MNIST_0.7_0.15_0.15_49000_10500_10500.mat' ;