task_id=7;
secs=2.332055e+02;
minutes=3.886759e+00;
hours=6.477932e-02;
iterations=2500;
center=167;
data_set= '../../../common/data/data_MNIST_0.7_0.15_0.15_49000_10500_10500.mat' ;