task_id=10;
secs=2.649881e+02;
minutes=4.416468e+00;
hours=7.360780e-02;
iterations=2500;
center=250;
data_set= '../../../common/data/data_MNIST_0.7_0.15_0.15_49000_10500_10500.mat' ;