task_id=4;
secs=1.728891e+02;
minutes=2.881485e+00;
hours=4.802475e-02;
iterations=2500;
center=84;
data_set= '../../../common/data/data_MNIST_0.7_0.15_0.15_49000_10500_10500.mat' ;