task_id=13;
center=114;
test_error_HBF1=1.554012e+00;
train_error_HBF1=1.545671e+00;
test_error_RBF=2.496320e-02;
train_error_RBF=2.323543e-02;