task_id=16;
center=142;
test_error_HBF1=2.095380e+00;
train_error_HBF1=2.145890e+00;
test_error_RBF=2.661950e-02;
train_error_RBF=2.580563e-02;