task_id=9;
secs=7.447813e+02;
minutes=1.241302e+01;
hours=2.068837e-01;
iterations=30800;
center=76;
data_set= '../../../common/data/data_h_gabor_0.7_0.15_0.15_28000_6000_6000.mat' ;