task_id=4;
secs=2.698707e+02;
minutes=4.497845e+00;
hours=7.496408e-02;
iterations=30800;
center=29;
data_set= '../../../common/data/data_h_gabor_0.7_0.15_0.15_28000_6000_6000.mat' ;