task_id=12;
secs=9.396580e+02;
minutes=1.566097e+01;
hours=2.610161e-01;
iterations=30800;
center=104;
data_set= '../../../common/data/data_h_gabor_0.7_0.15_0.15_28000_6000_6000.mat' ;