task_id=3;
secs=2.500196e+02;
minutes=4.166994e+00;
hours=6.944989e-02;
iterations=30800;
center=19;
data_set= '../../../common/data/data_h_gabor_0.7_0.15_0.15_28000_6000_6000.mat' ;