task_id=14;
secs=1.105314e+03;
minutes=1.842190e+01;
hours=3.070316e-01;
iterations=30800;
center=123;
data_set= '../../../common/data/data_h_gabor_0.7_0.15_0.15_28000_6000_6000.mat' ;