task_id=18;
secs=1.305337e+03;
minutes=2.175562e+01;
hours=3.625936e-01;
iterations=30800;
center=161;
data_set= '../../../common/data/data_h_gabor_0.7_0.15_0.15_28000_6000_6000.mat' ;