task_id=19;
secs=1.381628e+03;
minutes=2.302714e+01;
hours=3.837856e-01;
iterations=30800;
center=170;
data_set= '../../../common/data/data_h_gabor_0.7_0.15_0.15_28000_6000_6000.mat' ;