task_id=19;
secs=1.397688e+03;
minutes=2.329480e+01;
hours=3.882467e-01;
iterations=30800;
center=170;
data_set= '../../../common/data/data_h_gabor_0.7_0.15_0.15_28000_6000_6000.mat' ;