task_id=4;
secs=4.122869e+02;
minutes=6.871448e+00;
hours=1.145241e-01;
iterations=30800;
center=29;
data_set= '../../../common/data/data_h_gabor_0.7_0.15_0.15_28000_6000_6000.mat' ;