task_id=7;
secs=4.122542e+02;
minutes=6.870903e+00;
hours=1.145150e-01;
iterations=30800;
center=57;
data_set= '../../../common/data/data_h_gabor_0.7_0.15_0.15_28000_6000_6000.mat' ;