task_id=9;
secs=4.599949e+02;
minutes=7.666582e+00;
hours=1.277764e-01;
iterations=30800;
center=76;
data_set= '../../../common/data/data_h_gabor_0.7_0.15_0.15_28000_6000_6000.mat' ;