task_id=12;
secs=5.905944e+02;
minutes=9.843239e+00;
hours=1.640540e-01;
iterations=30800;
center=104;
data_set= '../../../common/data/data_h_gabor_0.7_0.15_0.15_28000_6000_6000.mat' ;