task_id=13;
secs=1.001962e+03;
minutes=1.669937e+01;
hours=2.783229e-01;
iterations=30800;
center=114;
data_set= '../../../common/data/data_h_gabor_0.7_0.15_0.15_28000_6000_6000.mat' ;