task_id=14;
center=123;
test_error_HBF1=2.089512e-02;
train_error_HBF1=2.107831e-02;
test_error_RBF=2.128678e-02;
train_error_RBF=2.085071e-02;