task_id=11;
center=95;
test_error_HBF1=2.141632e-02;
train_error_HBF1=2.143673e-02;
test_error_RBF=2.187687e-02;
train_error_RBF=2.170586e-02;