task_id=9;
center=76;
test_error_HBF1=2.231938e-02;
train_error_HBF1=2.248930e-02;
test_error_RBF=2.095741e-02;
train_error_RBF=2.056503e-02;