task_id=2;
center=10;
test_error_HBF1=2.935678e-02;
train_error_HBF1=2.794447e-02;
test_error_RBF=3.121441e-02;
train_error_RBF=3.037589e-02;