task_id=6;
center=48;
test_error_HBF1=2.282751e-02;
train_error_HBF1=2.274778e-02;
test_error_RBF=2.759613e-02;
train_error_RBF=2.701370e-02;