task_id=19;
center=170;
test_error_HBF1=2.062187e-02;
train_error_HBF1=2.075915e-02;
test_error_RBF=2.012922e-02;
train_error_RBF=1.904384e-02;