task_id=13;
center=114;
test_error_HBF1=2.069975e-02;
train_error_HBF1=2.078369e-02;
test_error_RBF=2.273715e-02;
train_error_RBF=2.133313e-02;