task_id=11;
center=95;
test_error_HBF1=2.167969e-02;
train_error_HBF1=2.168124e-02;
test_error_RBF=2.178731e-02;
train_error_RBF=2.176806e-02;