task_id=7;
center=57;
test_error_HBF1=2.306559e-02;
train_error_HBF1=2.172705e-02;
test_error_RBF=2.540433e-02;
train_error_RBF=2.520897e-02;