task_id=5;
center=38;
test_error_HBF1=2.382782e-02;
train_error_HBF1=2.348608e-02;
test_error_RBF=2.347445e-02;
train_error_RBF=2.376226e-02;