task_id=19;
center=170;
test_error_HBF1=2.087558e-02;
train_error_HBF1=2.103435e-02;
test_error_RBF=1.535755e-02;
train_error_RBF=1.507522e-02;