task_id=8;
center=66;
test_error_HBF1=2.320567e-02;
train_error_HBF1=2.180803e-02;
test_error_RBF=2.772664e-02;
train_error_RBF=2.624578e-02;