task_id=10;
center=85;
test_error_HBF1=2.218820e-02;
train_error_HBF1=2.182101e-02;
test_error_RBF=2.541660e-02;
train_error_RBF=2.441895e-02;