task_id=16;
center=142;
test_error_HBF1=2.128309e-02;
train_error_HBF1=2.141944e-02;
test_error_RBF=2.407002e-02;
train_error_RBF=2.350969e-02;