task_id=6;
center=48;
test_error_HBF1=2.451781e-02;
train_error_HBF1=2.433869e-02;
test_error_RBF=3.017556e-02;
train_error_RBF=2.932760e-02;