task_id=18;
center=161;
test_error_HBF1=2.076103e-02;
train_error_HBF1=2.096189e-02;
test_error_RBF=1.990631e-02;
train_error_RBF=1.957754e-02;