task_id=9;
center=76;
test_error_HBF1=2.175497e-02;
train_error_HBF1=2.173949e-02;
test_error_RBF=2.377716e-02;
train_error_RBF=2.288455e-02;