task_id=17;
center=151;
test_error_HBF1=2.128669e-02;
train_error_HBF1=2.138979e-02;
test_error_RBF=1.761368e-02;
train_error_RBF=1.718349e-02;