task_id=4;
center=29;
test_error_HBF1=2.400359e-02;
train_error_HBF1=2.396027e-02;
test_error_RBF=2.715865e-02;
train_error_RBF=2.633278e-02;