task_id=17;
center=151;
test_error_HBF1=2.128948e-02;
train_error_HBF1=2.137558e-02;
test_error_RBF=2.140707e-02;
train_error_RBF=2.060538e-02;