task_id=8;
center=66;
test_error_HBF1=2.181849e-02;
train_error_HBF1=2.171960e-02;
test_error_RBF=2.573518e-02;
train_error_RBF=2.458144e-02;