task_id=7;
center=57;
test_error_HBF1=2.223062e-02;
train_error_HBF1=2.207191e-02;
test_error_RBF=2.382680e-02;
train_error_RBF=2.314814e-02;