task_id=10;
center=85;
test_error_HBF1=2.244584e-02;
train_error_HBF1=2.247598e-02;
test_error_RBF=2.415224e-02;
train_error_RBF=2.320790e-02;