task_id=14;
center=123;
test_error_HBF1=2.128176e-02;
train_error_HBF1=2.117983e-02;
test_error_RBF=2.418409e-02;
train_error_RBF=2.350981e-02;