task_id=2;
center=10;
test_error_HBF1=2.633074e-02;
train_error_HBF1=2.599793e-02;
test_error_RBF=3.063166e-02;
train_error_RBF=2.974216e-02;