task_id=4;
center=29;
test_error_HBF1=2.485380e-02;
train_error_HBF1=2.373521e-02;
test_error_RBF=2.923132e-02;
train_error_RBF=2.853815e-02;