task_id=5;
center=38;
test_error_HBF1=2.362113e-02;
train_error_HBF1=2.360567e-02;
test_error_RBF=2.735971e-02;
train_error_RBF=2.663074e-02;