task_id=16;
center=142;
test_error_HBF1=2.223790e-02;
train_error_HBF1=2.176334e-02;
test_error_RBF=1.673722e-02;
train_error_RBF=1.655431e-02;