task_id=18;
center=161;
test_error_HBF1=2.104576e-02;
train_error_HBF1=2.104355e-02;
test_error_RBF=2.392878e-02;
train_error_RBF=2.233088e-02;