task_id=20;
center=180;
test_error_HBF1=2.126626e-02;
train_error_HBF1=2.113636e-02;
test_error_RBF=1.427150e-02;
train_error_RBF=1.449629e-02;