task_id=15;
center=132;
test_error_HBF1=2.081487e-02;
train_error_HBF1=2.100480e-02;
test_error_RBF=2.131781e-02;
train_error_RBF=2.152777e-02;