task_id=12;
center=104;
test_error_HBF1=2.036395e-02;
train_error_HBF1=2.056457e-02;
test_error_RBF=2.133092e-02;
train_error_RBF=2.131894e-02;