task_id=20;
center=180;
test_error_HBF1=2.087717e-02;
train_error_HBF1=2.090460e-02;
test_error_RBF=1.715323e-02;
train_error_RBF=1.596766e-02;