task_id=15;
center=132;
test_error_HBF1=2.102446e-02;
train_error_HBF1=2.116307e-02;
test_error_RBF=1.926161e-02;
train_error_RBF=1.926848e-02;