task_id=12;
center=104;
test_error_HBF1=2.212464e-02;
train_error_HBF1=2.195058e-02;
test_error_RBF=2.362845e-02;
train_error_RBF=2.339927e-02;