task_id=3;
center=19;
test_error_HBF1=2.791730e-02;
train_error_HBF1=2.768885e-02;
test_error_RBF=3.069312e-02;
train_error_RBF=3.000459e-02;