task_id=13;
center=114;
test_error_HBF1=2.105060e-02;
train_error_HBF1=2.101700e-02;
test_error_RBF=2.439561e-02;
train_error_RBF=2.388729e-02;