task_id=3;
center=19;
test_error_HBF1=2.539680e-02;
train_error_HBF1=2.440563e-02;
test_error_RBF=2.732513e-02;
train_error_RBF=2.667799e-02;