task_id=20;
secs=9.721969e+03;
minutes=1.620328e+02;
hours=2.700547e+00;
iterations=40001;
center=180;
data_set= '../../../common/data/data_h_gabor_0.7_0.15_0.15_28000_6000_6000.mat' ;