task_id=5;
secs=3.126090e+03;
minutes=5.210150e+01;
hours=8.683584e-01;
iterations=40001;
center=38;
data_set= '../../../common/data/data_h_gabor_0.7_0.15_0.15_28000_6000_6000.mat' ;