task_id=11;
secs=5.556833e+03;
minutes=9.261389e+01;
hours=1.543565e+00;
iterations=40001;
center=95;
data_set= '../../../common/data/data_h_gabor_0.7_0.15_0.15_28000_6000_6000.mat' ;