task_id=7;
secs=3.772228e+03;
minutes=6.287046e+01;
hours=1.047841e+00;
iterations=40001;
center=57;
data_set= '../../../common/data/data_h_gabor_0.7_0.15_0.15_28000_6000_6000.mat' ;