task_id=8;
secs=4.331456e+03;
minutes=7.219093e+01;
hours=1.203182e+00;
iterations=40001;
center=66;
data_set= '../../../common/data/data_h_gabor_0.7_0.15_0.15_28000_6000_6000.mat' ;