task_id=10;
secs=4.776231e+03;
minutes=7.960386e+01;
hours=1.326731e+00;
iterations=40001;
center=85;
data_set= '../../../common/data/data_h_gabor_0.7_0.15_0.15_28000_6000_6000.mat' ;