task_id=12;
secs=6.234112e+03;
minutes=1.039019e+02;
hours=1.731698e+00;
iterations=40001;
center=104;
data_set= '../../../common/data/data_h_gabor_0.7_0.15_0.15_28000_6000_6000.mat' ;