task_id=12;
secs=7.436184e+03;
minutes=1.239364e+02;
hours=2.065607e+00;
iterations=40001;
center=104;
data_set= '../../../common/data/data_h_gabor_0.7_0.15_0.15_28000_6000_6000.mat' ;