task_id=16;
secs=8.089163e+03;
minutes=1.348194e+02;
hours=2.246990e+00;
iterations=40001;
center=142;
data_set= '../../../common/data/data_h_gabor_0.7_0.15_0.15_28000_6000_6000.mat' ;