task_id=2;
secs=1.139399e+03;
minutes=1.898998e+01;
hours=3.164997e-01;
iterations=40001;
center=10;
data_set= '../../../common/data/data_h_gabor_0.7_0.15_0.15_28000_6000_6000.mat' ;