task_id=5;
secs=2.743495e+03;
minutes=4.572491e+01;
hours=7.620819e-01;
iterations=40001;
center=38;
data_set= '../../../common/data/data_h_gabor_0.7_0.15_0.15_28000_6000_6000.mat' ;