task_id=13;
secs=6.438231e+03;
minutes=1.073039e+02;
hours=1.788398e+00;
iterations=40001;
center=114;
data_set= '../../../common/data/data_h_gabor_0.7_0.15_0.15_28000_6000_6000.mat' ;