task_id=14;
secs=6.985414e+03;
minutes=1.164236e+02;
hours=1.940393e+00;
iterations=40001;
center=123;
data_set= '../../../common/data/data_h_gabor_0.7_0.15_0.15_28000_6000_6000.mat' ;