task_id=4;
secs=3.137590e+03;
minutes=5.229316e+01;
hours=8.715527e-01;
iterations=40001;
center=29;
data_set= '../../../common/data/data_h_gabor_0.7_0.15_0.15_28000_6000_6000.mat' ;