task_id=17;
secs=8.397088e+03;
minutes=1.399515e+02;
hours=2.332524e+00;
iterations=40001;
center=151;
data_set= '../../../common/data/data_h_gabor_0.7_0.15_0.15_28000_6000_6000.mat' ;