task_id=16;
secs=7.980545e+03;
minutes=1.330091e+02;
hours=2.216818e+00;
iterations=40001;
center=142;
data_set= '../../../common/data/data_h_gabor_0.7_0.15_0.15_28000_6000_6000.mat' ;