task_id=15;
secs=7.523165e+03;
minutes=1.253861e+02;
hours=2.089768e+00;
iterations=40001;
center=132;
data_set= '../../../common/data/data_h_gabor_0.7_0.15_0.15_28000_6000_6000.mat' ;