task_id=10;
secs=3.562105e+03;
minutes=5.936841e+01;
hours=9.894735e-01;
iterations=40001;
center=85;
data_set= '../../../common/data/data_h_gabor_0.7_0.15_0.15_28000_6000_6000.mat' ;