task_id=6;
secs=3.300308e+03;
minutes=5.500514e+01;
hours=9.167523e-01;
iterations=40001;
center=48;
data_set= '../../../common/data/data_h_gabor_0.7_0.15_0.15_28000_6000_6000.mat' ;