task_id=2;
secs=4.155417e+03;
minutes=6.925694e+01;
hours=1.154282e+00;
iterations=42000;
center=10;
data_set= '../../../common/data/data_h_add_0.7_0.15_0.15_28000_6000_6000.mat' ;