task_id=15;
secs=3.317967e+04;
minutes=5.529945e+02;
hours=9.216575e+00;
iterations=42000;
center=132;
data_set= '../../../common/data/data_h_add_0.7_0.15_0.15_28000_6000_6000.mat' ;