task_id=8;
secs=1.853849e+04;
minutes=3.089748e+02;
hours=5.149579e+00;
iterations=42000;
center=66;
data_set= '../../../common/data/data_h_add_0.7_0.15_0.15_28000_6000_6000.mat' ;