task_id=5;
secs=9.672746e+03;
minutes=1.612124e+02;
hours=2.686874e+00;
iterations=42000;
center=38;
data_set= '../../../common/data/data_h_add_0.7_0.15_0.15_28000_6000_6000.mat' ;