task_id=9;
center=76;
test_error_HBF1=1.067914e-01;
train_error_HBF1=1.042875e-01;
test_error_RBF=2.937052e-02;
train_error_RBF=2.775342e-02;