task_id=8;
center=66;
test_error_HBF1=1.201845e-01;
train_error_HBF1=1.231806e-01;
test_error_RBF=2.999252e-02;
train_error_RBF=2.926174e-02;