task_id=15;
center=132;
test_error_HBF1=1.757153e-01;
train_error_HBF1=1.754353e-01;
test_error_RBF=2.826596e-02;
train_error_RBF=2.668853e-02;