task_id=10;
center=85;
test_error_HBF1=1.464566e-01;
train_error_HBF1=1.500696e-01;
test_error_RBF=2.785205e-02;
train_error_RBF=2.640143e-02;