task_id=5;
secs=4.582195e+02;
minutes=7.636991e+00;
hours=1.272832e-01;
iterations=30800;
center=38;
data_set= '../../../common/data/data_h_gabor_0.7_0.15_0.15_28000_6000_6000.mat' ;