task_id=20;
secs=1.464032e+03;
minutes=2.440054e+01;
hours=4.066757e-01;
iterations=30800;
center=180;
data_set= '../../../common/data/data_h_gabor_0.7_0.15_0.15_28000_6000_6000.mat' ;