task_id=1;
center=250;
test_error_HBF1=8.644349e+01;
train_error_HBF1=8.535805e+01;
test_error_RBF=8.797653e+01;
train_error_RBF=8.675110e+01;