task_id=1;
secs=5.184516e+04;
minutes=8.640861e+02;
hours=1.440143e+01;
iterations=129360;
center=250;
data_set= '../../../common/data/data_MNIST_0.7_0.15_0.15_49000_10500_10500.mat' ;