task_id=7;
center=27;
test_error_HBF1=8.982267e-01;
train_error_HBF1=9.109228e-01;
test_error_RBF=2.490967e-01;
train_error_RBF=2.359544e-01;