task_id=6;
center=22;
test_error_HBF1=8.821212e-01;
train_error_HBF1=8.980076e-01;
test_error_RBF=2.859740e-01;
train_error_RBF=2.660856e-01;