task_id=4;
center=14;
test_error_HBF1=8.585974e-01;
train_error_HBF1=8.710484e-01;
test_error_RBF=3.426749e-01;
train_error_RBF=3.316394e-01;