task_id=10;
center=85;
test_error_HBF1=1.000556e+01;
train_error_HBF1=1.002715e+01;
test_error_RBF=1.001813e+00;
train_error_RBF=9.974635e-01;