task_id=14;
center=123;
test_error_HBF1=2.022014e+01;
train_error_HBF1=2.028242e+01;
test_error_RBF=1.002689e+00;
train_error_RBF=9.951398e-01;