task_id=16;
center=142;
test_error_HBF1=2.599316e+01;
train_error_HBF1=2.607392e+01;
test_error_RBF=1.001855e+00;
train_error_RBF=9.947833e-01;