task_id=2;
center=10;
test_error_HBF1=1.062779e+00;
train_error_HBF1=1.062629e+00;
test_error_RBF=1.000751e+00;
train_error_RBF=9.995525e-01;