task_id=15;
center=132;
test_error_HBF1=2.361394e+01;
train_error_HBF1=2.376281e+01;
test_error_RBF=1.003313e+00;
train_error_RBF=9.946233e-01;