task_id=3;
center=19;
test_error_HBF1=1.306832e+00;
train_error_HBF1=1.312120e+00;
test_error_RBF=1.000543e+00;
train_error_RBF=9.993590e-01;