task_id=6;
center=48;
test_error_HBF1=5.172063e+00;
train_error_HBF1=5.180818e+00;
test_error_RBF=1.000922e+00;
train_error_RBF=9.984212e-01;