task_id=19;
center=170;
test_error_HBF1=3.613274e+01;
train_error_HBF1=3.604315e+01;
test_error_RBF=1.002512e+00;
train_error_RBF=9.939747e-01;