task_id=7;
secs=1.957959e+04;
minutes=3.263265e+02;
hours=5.438775e+00;
iterations=61600;
center=57;
data_set= '../../../common/data/data_h_D10_x2sinx2_0.7_0.15_0.15_28000_6000_6000.mat' ;