task_id=15;
secs=4.112087e+04;
minutes=6.853478e+02;
hours=1.142246e+01;
iterations=61600;
center=132;
data_set= '../../../common/data/data_h_D10_x2sinx2_0.7_0.15_0.15_28000_6000_6000.mat' ;