task_id=16;
secs=4.379036e+04;
minutes=7.298394e+02;
hours=1.216399e+01;
iterations=61600;
center=142;
data_set= '../../../common/data/data_h_D10_x2sinx2_0.7_0.15_0.15_28000_6000_6000.mat' ;