task_id=3;
center=19;
test_error_HBF1=3.600548e-02;
train_error_HBF1=3.542247e-02;
test_error_RBF=3.160783e-02;
train_error_RBF=3.071200e-02;