task_id=19;
center=170;
test_error_HBF1=7.279156e-02;
train_error_HBF1=7.126226e-02;
test_error_RBF=1.959681e-02;
train_error_RBF=1.837655e-02;