task_id=8;
center=66;
test_error_HBF1=4.985936e-02;
train_error_HBF1=4.922354e-02;
test_error_RBF=3.030046e-02;
train_error_RBF=2.946624e-02;