task_id=12;
center=104;
test_error_HBF1=5.621250e-02;
train_error_HBF1=5.633131e-02;
test_error_RBF=2.007125e-02;
train_error_RBF=1.917826e-02;