task_id=18;
center=161;
test_error_HBF1=6.515204e-02;
train_error_HBF1=6.404500e-02;
test_error_RBF=1.742007e-02;
train_error_RBF=1.758451e-02;