task_id=11;
secs=8.289204e+03;
minutes=1.381534e+02;
hours=2.302557e+00;
iterations=30800;
center=95;
data_set= '../../../common/data/data_h_gabor_0.7_0.15_0.15_28000_6000_6000.mat' ;