task_id=8;
secs=6.526329e+03;
minutes=1.087722e+02;
hours=1.812869e+00;
iterations=30800;
center=66;
data_set= '../../../common/data/data_h_gabor_0.7_0.15_0.15_28000_6000_6000.mat' ;