task_id=4;
secs=3.809990e+03;
minutes=6.349983e+01;
hours=1.058331e+00;
iterations=30800;
center=29;
data_set= '../../../common/data/data_h_gabor_0.7_0.15_0.15_28000_6000_6000.mat' ;