task_id=20;
secs=9.909056e+03;
minutes=1.651509e+02;
hours=2.752516e+00;
iterations=30800;
center=180;
data_set= '../../../common/data/data_h_gabor_0.7_0.15_0.15_28000_6000_6000.mat' ;