task_id=2;
secs=2.554678e+03;
minutes=4.257796e+01;
hours=7.096327e-01;
iterations=30800;
center=10;
data_set= '../../../common/data/data_h_gabor_0.7_0.15_0.15_28000_6000_6000.mat' ;