task_id=14;
center=14;
test_error_HBF1=5.506009e-01;
train_error_HBF1=4.850796e-01;
test_error_RBF=3.863036e-01;
train_error_RBF=3.395550e-01;