task_id=35;
center=35;
test_error_HBF1=1.000066e+00;
train_error_HBF1=8.976171e-01;
test_error_RBF=3.214797e-01;
train_error_RBF=2.823801e-01;