task_id=36;
center=36;
test_error_HBF1=1.000113e+00;
train_error_HBF1=8.976602e-01;
test_error_RBF=3.055149e-01;
train_error_RBF=2.728269e-01;