task_id=21;
center=21;
test_error_HBF1=1.000082e+00;
train_error_HBF1=8.976318e-01;
test_error_RBF=4.258974e-01;
train_error_RBF=3.739197e-01;