task_id=34;
center=34;
test_error_HBF1=1.000014e+00;
train_error_HBF1=8.975697e-01;
test_error_RBF=3.557991e-01;
train_error_RBF=3.166106e-01;