task_id=38;
center=38;
test_error_HBF1=1.000084e+00;
train_error_HBF1=8.976348e-01;
test_error_RBF=3.126984e-01;
train_error_RBF=2.751398e-01;