task_id=22;
center=22;
test_error_HBF1=1.000051e+00;
train_error_HBF1=8.976022e-01;
test_error_RBF=3.808194e-01;
train_error_RBF=3.412281e-01;