task_id=40;
center=40;
test_error_HBF1=1.000094e+00;
train_error_HBF1=8.976433e-01;
test_error_RBF=3.246185e-01;
train_error_RBF=2.916838e-01;