task_id=24;
center=24;
test_error_HBF1=1.000056e+00;
train_error_HBF1=8.976075e-01;
test_error_RBF=3.721964e-01;
train_error_RBF=3.362314e-01;