task_id=29;
center=29;
test_error_HBF1=1.000068e+00;
train_error_HBF1=8.976194e-01;
test_error_RBF=3.481363e-01;
train_error_RBF=3.061693e-01;