task_id=33;
center=33;
test_error_HBF1=1.000020e+00;
train_error_HBF1=8.975749e-01;
test_error_RBF=3.234612e-01;
train_error_RBF=2.896720e-01;