task_id=12;
center=12;
test_error_HBF1=5.348371e-01;
train_error_HBF1=4.703192e-01;
test_error_RBF=4.053940e-01;
train_error_RBF=3.571606e-01;