task_id=30;
center=30;
test_error_HBF1=1.000024e+00;
train_error_HBF1=8.975788e-01;
test_error_RBF=3.682173e-01;
train_error_RBF=3.302427e-01;