task_id=37;
center=37;
test_error_HBF1=1.000066e+00;
train_error_HBF1=8.976181e-01;
test_error_RBF=3.135423e-01;
train_error_RBF=2.783882e-01;