task_id=14;
center=14;
test_error_HBF1=9.992854e-01;
train_error_HBF1=9.992874e-01;
test_error_RBF=4.436221e-01;
train_error_RBF=4.353836e-01;