task_id=18;
center=18;
test_error_HBF1=1.000024e+00;
train_error_HBF1=1.000025e+00;
test_error_RBF=4.059477e-01;
train_error_RBF=4.037357e-01;