task_id=27;
center=27;
test_error_HBF1=1.000058e+00;
train_error_HBF1=1.000058e+00;
test_error_RBF=3.751094e-01;
train_error_RBF=3.812387e-01;