task_id=39;
center=39;
test_error_HBF1=1.000046e+00;
train_error_HBF1=1.000046e+00;
test_error_RBF=3.067049e-01;
train_error_RBF=3.107904e-01;