task_id=40;
center=40;
test_error_HBF1=1.000071e+00;
train_error_HBF1=1.000072e+00;
test_error_RBF=3.096349e-01;
train_error_RBF=3.061271e-01;