task_id=24;
center=24;
test_error_HBF1=1.000063e+00;
train_error_HBF1=1.000062e+00;
test_error_RBF=3.898272e-01;
train_error_RBF=3.923345e-01;