task_id=11;
center=11;
test_error_HBF1=9.958532e-01;
train_error_HBF1=9.957600e-01;
test_error_RBF=4.401243e-01;
train_error_RBF=4.380758e-01;