task_id=13;
center=13;
test_error_HBF1=9.971028e-01;
train_error_HBF1=9.970428e-01;
test_error_RBF=4.270367e-01;
train_error_RBF=4.168509e-01;