task_id=12;
center=12;
test_error_HBF1=9.751433e-01;
train_error_HBF1=9.755053e-01;
test_error_RBF=4.480458e-01;
train_error_RBF=4.476121e-01;