task_id=2;
center=28;
test_error_HBF1=8.771748e+01;
train_error_HBF1=8.672250e+01;
test_error_RBF=8.890246e+01;
train_error_RBF=8.788516e+01;