task_id=8;
center=194;
test_error_HBF1=8.616095e+01;
train_error_HBF1=8.493127e+01;
test_error_RBF=8.811928e+01;
train_error_RBF=8.694377e+01;