task_id=9;
center=222;
test_error_HBF1=8.628782e+01;
train_error_HBF1=8.505850e+01;
test_error_RBF=8.807925e+01;
train_error_RBF=8.694878e+01;