task_id=5;
center=111;
test_error_HBF1=8.690148e+01;
train_error_HBF1=8.574741e+01;
test_error_RBF=8.875310e+01;
train_error_RBF=8.756831e+01;