task_id=4;
center=84;
test_error_HBF1=8.755309e+01;
train_error_HBF1=8.645984e+01;
test_error_RBF=8.893762e+01;
train_error_RBF=8.778236e+01;