task_id=6;
center=139;
test_error_HBF1=8.698601e+01;
train_error_HBF1=8.585246e+01;
test_error_RBF=8.875254e+01;
train_error_RBF=8.755793e+01;