task_id=1;
secs=9.203784e+03;
minutes=1.533964e+02;
hours=2.556607e+00;
iterations=129360;
center=1;
data_set= '../../../common/data/data_MNIST_0.7_0.15_0.15_49000_10500_10500.mat' ;