task_id=10;
secs=2.187614e+04;
minutes=3.646023e+02;
hours=6.076705e+00;
iterations=129360;
center=250;
data_set= '../../../common/data/data_MNIST_0.7_0.15_0.15_49000_10500_10500.mat' ;