task_id=8;
center=66;
test_error_HBF1=2.422528e-02;
train_error_HBF1=2.273302e-02;
test_error_RBF=2.787178e-02;
train_error_RBF=2.628193e-02;