task_id=11;
center=95;
test_error_HBF1=2.273065e-02;
train_error_HBF1=2.265602e-02;
test_error_RBF=2.199964e-02;
train_error_RBF=2.184059e-02;