task_id=14;
center=123;
test_error_HBF1=2.238909e-02;
train_error_HBF1=2.248803e-02;
test_error_RBF=2.137982e-02;
train_error_RBF=2.072550e-02;