task_id=9;
center=76;
test_error_HBF1=2.305828e-02;
train_error_HBF1=2.283020e-02;
test_error_RBF=2.313901e-02;
train_error_RBF=2.206065e-02;