task_id=19;
center=170;
test_error_HBF1=2.250173e-02;
train_error_HBF1=2.246169e-02;
test_error_RBF=2.052954e-02;
train_error_RBF=1.935333e-02;