task_id=18;
center=161;
test_error_HBF1=2.240640e-02;
train_error_HBF1=2.237509e-02;
test_error_RBF=1.697679e-02;
train_error_RBF=1.711496e-02;