task_id=20;
center=180;
test_error_HBF1=2.250927e-02;
train_error_HBF1=2.248965e-02;
test_error_RBF=1.316024e-02;
train_error_RBF=1.270243e-02;