task_id=3;
center=19;
test_error_HBF1=2.564366e-02;
train_error_HBF1=2.453434e-02;
test_error_RBF=2.872141e-02;
train_error_RBF=2.752257e-02;