task_id=17;
center=151;
test_error_HBF1=2.269667e-02;
train_error_HBF1=2.273770e-02;
test_error_RBF=2.076839e-02;
train_error_RBF=2.000393e-02;