task_id=15;
center=132;
test_error_HBF1=2.257218e-02;
train_error_HBF1=2.255130e-02;
test_error_RBF=2.074266e-02;
train_error_RBF=2.108152e-02;