task_id=16;
center=142;
test_error_HBF1=2.416941e-02;
train_error_HBF1=2.357556e-02;
test_error_RBF=1.544177e-02;
train_error_RBF=1.506559e-02;