task_id=7;
center=57;
test_error_HBF1=2.334620e-02;
train_error_HBF1=2.287011e-02;
test_error_RBF=2.412588e-02;
train_error_RBF=2.341638e-02;