task_id=2;
center=10;
test_error_HBF1=2.680882e-02;
train_error_HBF1=2.647644e-02;
test_error_RBF=3.071236e-02;
train_error_RBF=2.982924e-02;