task_id=13;
center=114;
test_error_HBF1=2.279322e-02;
train_error_HBF1=2.284451e-02;
test_error_RBF=2.199558e-02;
train_error_RBF=2.068427e-02;