task_id=4;
center=29;
test_error_HBF1=2.569051e-02;
train_error_HBF1=2.450239e-02;
test_error_RBF=2.908037e-02;
train_error_RBF=2.838822e-02;