task_id=10;
center=85;
test_error_HBF1=2.299669e-02;
train_error_HBF1=2.294589e-02;
test_error_RBF=2.561179e-02;
train_error_RBF=2.458548e-02;