task_id=6;
center=48;
test_error_HBF1=2.429187e-02;
train_error_HBF1=2.378684e-02;
test_error_RBF=2.769501e-02;
train_error_RBF=2.709160e-02;