task_id=12;
center=104;
test_error_HBF1=2.337629e-02;
train_error_HBF1=2.317199e-02;
test_error_RBF=2.358664e-02;
train_error_RBF=2.344924e-02;