task_id=5;
center=38;
test_error_HBF1=2.489881e-02;
train_error_HBF1=2.446920e-02;
test_error_RBF=3.010763e-02;
train_error_RBF=2.889630e-02;