task_id=6;
secs=3.504442e+03;
minutes=5.840736e+01;
hours=9.734560e-01;
iterations=40001;
center=48;
data_set= '../../../common/data/data_h_gabor_0.7_0.15_0.15_28000_6000_6000.mat' ;