task_id=9;
secs=4.824051e+03;
minutes=8.040085e+01;
hours=1.340014e+00;
iterations=40001;
center=76;
data_set= '../../../common/data/data_h_gabor_0.7_0.15_0.15_28000_6000_6000.mat' ;