task_id=13;
secs=6.604964e+03;
minutes=1.100827e+02;
hours=1.834712e+00;
iterations=40001;
center=114;
data_set= '../../../common/data/data_h_gabor_0.7_0.15_0.15_28000_6000_6000.mat' ;