task_id=4;
secs=1.874462e+03;
minutes=3.124103e+01;
hours=5.206838e-01;
iterations=40001;
center=29;
data_set= '../../../common/data/data_h_gabor_0.7_0.15_0.15_28000_6000_6000.mat' ;