task_id=1;
secs=8.531802e+02;
minutes=1.421967e+01;
hours=2.369945e-01;
iterations=40001;
center=1;
data_set= '../../../common/data/data_h_gabor_0.7_0.15_0.15_28000_6000_6000.mat' ;