task_id=15;
secs=7.349024e+03;
minutes=1.224837e+02;
hours=2.041396e+00;
iterations=40001;
center=132;
data_set= '../../../common/data/data_h_gabor_0.7_0.15_0.15_28000_6000_6000.mat' ;