task_id=2;
secs=1.234756e+03;
minutes=2.057927e+01;
hours=3.429878e-01;
iterations=40001;
center=10;
data_set= '../../../common/data/data_h_gabor_0.7_0.15_0.15_28000_6000_6000.mat' ;