task_id=13;
center=140;
test_error_HBF1=1.583550e-01;
train_error_HBF1=1.644601e-01;
test_error_RBF=6.582359e-02;
train_error_RBF=6.865308e-02;