task_id=2;
center=12;
test_error_HBF1=4.145818e-01;
train_error_HBF1=4.223931e-01;
test_error_RBF=3.479728e-01;
train_error_RBF=3.560524e-01;