task_id=16;
center=175;
test_error_HBF1=1.774499e-01;
train_error_HBF1=1.841333e-01;
test_error_RBF=5.476775e-02;
train_error_RBF=5.688115e-02;