task_id=18;
center=198;
test_error_HBF1=3.074316e-01;
train_error_HBF1=3.153329e-01;
test_error_RBF=4.918532e-02;
train_error_RBF=5.116379e-02;