task_id=19;
center=210;
test_error_HBF1=2.483661e-01;
train_error_HBF1=2.560717e-01;
test_error_RBF=4.635270e-02;
train_error_RBF=4.815559e-02;