task_id=20;
center=222;
test_error_HBF1=4.063722e-01;
train_error_HBF1=4.158927e-01;
test_error_RBF=4.415538e-02;
train_error_RBF=4.583234e-02;