task_id=9;
center=94;
test_error_HBF1=1.525449e-01;
train_error_HBF1=1.586684e-01;
test_error_RBF=9.158616e-02;
train_error_RBF=9.586100e-02;