task_id=8;
secs=2.741419e+05;
minutes=4.569031e+03;
hours=7.615052e+01;
iterations=107800;
center=82;
data_set= '../../../common/data/data_MNIST_0.7_0.15_0.15_49000_10500_10500.mat' ;