task_id=13;
secs=3.333746e+05;
minutes=5.556243e+03;
hours=9.260405e+01;
iterations=107800;
center=140;
data_set= '../../../common/data/data_MNIST_0.7_0.15_0.15_49000_10500_10500.mat' ;