task_id=6;
secs=2.474100e+05;
minutes=4.123500e+03;
hours=6.872501e+01;
iterations=107800;
center=59;
data_set= '../../../common/data/data_MNIST_0.7_0.15_0.15_49000_10500_10500.mat' ;