task_id=18;
secs=4.112261e+05;
minutes=6.853768e+03;
hours=1.142295e+02;
iterations=107800;
center=198;
data_set= '../../../common/data/data_MNIST_0.7_0.15_0.15_49000_10500_10500.mat' ;