task_id=19;
secs=4.277841e+05;
minutes=7.129734e+03;
hours=1.188289e+02;
iterations=107800;
center=210;
data_set= '../../../common/data/data_MNIST_0.7_0.15_0.15_49000_10500_10500.mat' ;