task_id=1;
secs=2.019023e+01;
minutes=3.365038e-01;
hours=5.608397e-03;
iterations=2000;
center=10;
data_set= '../../../common/data/data_h_add_0.7_0.15_0.15_28000_6000_6000.mat' ;