task_id=1;
center=30;
test_error_HBF1=1.239857e+00;
train_error_HBF1=1.242831e+00;
test_error_RBF=1.001042e+00;
train_error_RBF=9.988114e-01;