task_id=1;
secs=1.423793e+02;
minutes=2.372989e+00;
hours=3.954981e-02;
iterations=10000;
center=30;
data_set= '../../../common/data/data_h_D10_x2sinx2_0.7_0.15_0.15_28000_6000_6000.mat' ;