task_id=16;
center=142;
test_error_HBF1=1.312153e+01;
train_error_HBF1=1.328166e+01;
test_error_RBF=4.383652e+01;
train_error_RBF=4.315473e+01;