task_id=20;
center=180;
test_error_HBF1=1.343522e+01;
train_error_HBF1=1.314169e+01;
test_error_RBF=1.250552e+01;
train_error_RBF=1.219099e+01;