task_id=2;
secs=1.174694e+03;
minutes=1.957823e+01;
hours=3.263038e-01;
iterations=42000;
center=10;
data_set= '../../../common/data/data_h_add_0.7_0.15_0.15_28000_6000_6000.mat' ;