task_id=4;
secs=1.737568e+03;
minutes=2.895947e+01;
hours=4.826579e-01;
iterations=42000;
center=29;
data_set= '../../../common/data/data_h_add_0.7_0.15_0.15_28000_6000_6000.mat' ;