task_id=7;
secs=2.562465e+03;
minutes=4.270775e+01;
hours=7.117959e-01;
iterations=42000;
center=57;
data_set= '../../../common/data/data_h_add_0.7_0.15_0.15_28000_6000_6000.mat' ;