task_id=1;
secs=5.040343e+01;
minutes=8.400572e-01;
hours=1.400095e-02;
iterations=2000;
center=132;
data_set= '../../../common/data/data_h_gabor_0.7_0.15_0.15_28000_6000_6000.mat' ;