task_id=19;
center=170;
test_error_HBF1=1.293200e+01;
train_error_HBF1=1.283253e+01;
test_error_RBF=2.528503e+01;
train_error_RBF=2.496221e+01;