task_id=11;
secs=2.194835e+04;
minutes=3.658059e+02;
hours=6.096765e+00;
iterations=42000;
center=95;
data_set= '../../../common/data/data_h_add_0.7_0.15_0.15_28000_6000_6000.mat' ;