task_id=13;
secs=2.957006e+04;
minutes=4.928343e+02;
hours=8.213904e+00;
iterations=42000;
center=114;
data_set= '../../../common/data/data_h_add_0.7_0.15_0.15_28000_6000_6000.mat' ;