task_id=16;
secs=4.030125e+04;
minutes=6.716875e+02;
hours=1.119479e+01;
iterations=42000;
center=142;
data_set= '../../../common/data/data_h_add_0.7_0.15_0.15_28000_6000_6000.mat' ;