task_id=18;
secs=2.970859e+04;
minutes=4.951432e+02;
hours=8.252387e+00;
iterations=42000;
center=161;
data_set= '../../../common/data/data_h_add_0.7_0.15_0.15_28000_6000_6000.mat' ;