task_id=4;
center=29;
test_error_HBF1=3.159145e-02;
train_error_HBF1=3.038164e-02;
test_error_RBF=3.136425e-02;
train_error_RBF=3.041630e-02;