task_id=5;
center=38;
test_error_HBF1=3.180936e-02;
train_error_HBF1=3.055673e-02;
test_error_RBF=3.021030e-02;
train_error_RBF=2.954254e-02;