task_id=12;
secs=2.118653e+03;
minutes=3.531088e+01;
hours=5.885146e-01;
iterations=30800;
center=104;
data_set= '../../../common/data/data_h_gabor_0.7_0.15_0.15_28000_6000_6000.mat' ;