task_id=16;
secs=3.429202e+03;
minutes=5.715337e+01;
hours=9.525561e-01;
iterations=30800;
center=142;
data_set= '../../../common/data/data_h_gabor_0.7_0.15_0.15_28000_6000_6000.mat' ;