task_id=8;
secs=1.415827e+03;
minutes=2.359711e+01;
hours=3.932852e-01;
iterations=30800;
center=66;
data_set= '../../../common/data/data_h_gabor_0.7_0.15_0.15_28000_6000_6000.mat' ;