task_id=6;
center=22;
test_error_HBF1=9.258329e-01;
train_error_HBF1=9.350644e-01;
test_error_RBF=2.812318e-01;
train_error_RBF=2.693281e-01;