task_id=10;
center=250;
test_error_HBF1=8.609008e+01;
train_error_HBF1=8.481095e+01;
test_error_RBF=8.796659e+01;
train_error_RBF=8.677607e+01;