task_id=3;
center=56;
test_error_HBF1=8.766295e+01;
train_error_HBF1=8.661240e+01;
test_error_RBF=8.901114e+01;
train_error_RBF=8.787294e+01;