task_id=5;
center=111;
test_error_HBF1=8.697237e+01;
train_error_HBF1=8.586510e+01;
test_error_RBF=8.876434e+01;
train_error_RBF=8.763449e+01;