task_id=2;
center=28;
test_error_HBF1=8.810958e+01;
train_error_HBF1=8.708635e+01;
test_error_RBF=8.916903e+01;
train_error_RBF=8.804629e+01;