task_id=7;
center=167;
test_error_HBF1=8.702448e+01;
train_error_HBF1=8.580561e+01;
test_error_RBF=8.879899e+01;
train_error_RBF=8.752941e+01;