task_id=6;
center=139;
test_error_HBF1=8.707212e+01;
train_error_HBF1=8.593028e+01;
test_error_RBF=8.901812e+01;
train_error_RBF=8.773329e+01;