task_id=4;
center=84;
test_error_HBF1=8.667757e+01;
train_error_HBF1=8.563303e+01;
test_error_RBF=8.866327e+01;
train_error_RBF=8.755311e+01;