task_id=8;
center=194;
test_error_HBF1=8.660332e+01;
train_error_HBF1=8.542730e+01;
test_error_RBF=8.854627e+01;
train_error_RBF=8.730665e+01;