task_id=9;
center=222;
test_error_HBF1=8.603826e+01;
train_error_HBF1=8.476018e+01;
test_error_RBF=8.814644e+01;
train_error_RBF=8.692689e+01;