task_id=2;
secs=3.657901e+04;
minutes=6.096502e+02;
hours=1.016084e+01;
iterations=490000;
center=28;
data_set= '../../../common/data/data_MNIST_0.7_0.15_0.15_49000_10500_10500.mat' ;