task_id=4;
secs=8.472760e+04;
minutes=1.412127e+03;
hours=2.353544e+01;
iterations=490000;
center=84;
data_set= '../../../common/data/data_MNIST_0.7_0.15_0.15_49000_10500_10500.mat' ;