task_id=1;
secs=4.926557e+04;
minutes=8.210928e+02;
hours=1.368488e+01;
iterations=490000;
center=1;
data_set= '../../../common/data/data_MNIST_0.7_0.15_0.15_49000_10500_10500.mat' ;