task_id=3;
secs=4.127411e+04;
minutes=6.879018e+02;
hours=1.146503e+01;
iterations=490000;
center=56;
data_set= '../../../common/data/data_MNIST_0.7_0.15_0.15_49000_10500_10500.mat' ;