task_id=6;
secs=6.330535e+04;
minutes=1.055089e+03;
hours=1.758482e+01;
iterations=490000;
center=139;
data_set= '../../../common/data/data_MNIST_0.7_0.15_0.15_49000_10500_10500.mat' ;