task_id=9;
secs=1.511644e+05;
minutes=2.519407e+03;
hours=4.199011e+01;
iterations=490000;
center=222;
data_set= '../../../common/data/data_MNIST_0.7_0.15_0.15_49000_10500_10500.mat' ;