task_id=8;
secs=7.649183e+04;
minutes=1.274864e+03;
hours=2.124773e+01;
iterations=490000;
center=194;
data_set= '../../../common/data/data_MNIST_0.7_0.15_0.15_49000_10500_10500.mat' ;