task_id=7;
secs=6.876462e+04;
minutes=1.146077e+03;
hours=1.910128e+01;
iterations=490000;
center=167;
data_set= '../../../common/data/data_MNIST_0.7_0.15_0.15_49000_10500_10500.mat' ;