task_id=10;
secs=8.617484e+04;
minutes=1.436247e+03;
hours=2.393745e+01;
iterations=490000;
center=250;
data_set= '../../../common/data/data_MNIST_0.7_0.15_0.15_49000_10500_10500.mat' ;