task_id=5;
secs=5.561064e+04;
minutes=9.268439e+02;
hours=1.544740e+01;
iterations=490000;
center=111;
data_set= '../../../common/data/data_MNIST_0.7_0.15_0.15_49000_10500_10500.mat' ;