task_id=25;
center=25;
test_error_HBF1=1.000032e+00;
train_error_HBF1=8.975857e-01;
test_error_RBF=3.753374e-01;
train_error_RBF=3.308062e-01;