task_id=32;
center=32;
test_error_HBF1=1.000116e+00;
train_error_HBF1=8.976630e-01;
test_error_RBF=3.720331e-01;
train_error_RBF=3.318609e-01;