task_id=26;
center=26;
test_error_HBF1=1.000019e+00;
train_error_HBF1=8.975744e-01;
test_error_RBF=3.783233e-01;
train_error_RBF=3.366126e-01;