task_id=19;
center=19;
test_error_HBF1=9.985731e-01;
train_error_HBF1=8.962304e-01;
test_error_RBF=3.945796e-01;
train_error_RBF=3.475393e-01;