task_id=28;
center=28;
test_error_HBF1=1.000084e+00;
train_error_HBF1=8.976340e-01;
test_error_RBF=3.722877e-01;
train_error_RBF=3.299987e-01;