task_id=31;
center=31;
test_error_HBF1=1.000076e+00;
train_error_HBF1=8.976254e-01;
test_error_RBF=3.388341e-01;
train_error_RBF=3.018726e-01;