task_id=6;
center=48;
test_error_HBF1=2.580655e-02;
train_error_HBF1=2.428092e-02;
test_error_RBF=2.941081e-02;
train_error_RBF=2.835121e-02;