task_id=9;
center=76;
test_error_HBF1=2.187646e-02;
train_error_HBF1=2.063944e-02;
test_error_RBF=2.577923e-02;
train_error_RBF=2.548555e-02;