task_id=4;
center=29;
test_error_HBF1=2.488735e-02;
train_error_HBF1=2.369496e-02;
test_error_RBF=2.892156e-02;
train_error_RBF=2.819647e-02;