task_id=15;
center=132;
test_error_HBF1=2.186255e-02;
train_error_HBF1=2.047666e-02;
test_error_RBF=2.005313e-02;
train_error_RBF=1.944591e-02;