task_id=12;
center=104;
test_error_HBF1=2.117611e-02;
train_error_HBF1=2.138084e-02;
test_error_RBF=2.280624e-02;
train_error_RBF=2.137642e-02;