task_id=10;
center=85;
test_error_HBF1=2.225603e-02;
train_error_HBF1=2.211671e-02;
test_error_RBF=2.743346e-02;
train_error_RBF=2.646383e-02;