task_id=13;
center=114;
test_error_HBF1=2.231377e-02;
train_error_HBF1=2.065355e-02;
test_error_RBF=2.604595e-02;
train_error_RBF=2.418923e-02;