task_id=20;
center=180;
test_error_HBF1=2.307558e-02;
train_error_HBF1=2.214428e-02;
test_error_RBF=1.829211e-02;
train_error_RBF=1.721734e-02;