task_id=3;
center=19;
test_error_HBF1=2.778728e-02;
train_error_HBF1=2.702939e-02;
test_error_RBF=3.078871e-02;
train_error_RBF=2.990853e-02;