task_id=17;
center=151;
test_error_HBF1=2.110352e-02;
train_error_HBF1=2.117080e-02;
test_error_RBF=1.873480e-02;
train_error_RBF=1.836578e-02;