task_id=18;
center=161;
test_error_HBF1=2.177019e-02;
train_error_HBF1=2.181860e-02;
test_error_RBF=1.823489e-02;
train_error_RBF=1.649260e-02;