task_id=5;
center=38;
test_error_HBF1=2.535972e-02;
train_error_HBF1=2.432506e-02;
test_error_RBF=3.014713e-02;
train_error_RBF=2.920040e-02;