task_id=7;
center=57;
test_error_HBF1=2.190787e-02;
train_error_HBF1=2.036960e-02;
test_error_RBF=2.318321e-02;
train_error_RBF=2.320151e-02;