task_id=2;
center=10;
test_error_HBF1=2.817410e-02;
train_error_HBF1=2.766643e-02;
test_error_RBF=3.054234e-02;
train_error_RBF=2.945121e-02;