task_id=16;
center=142;
test_error_HBF1=2.206396e-02;
train_error_HBF1=2.057733e-02;
test_error_RBF=2.380767e-02;
train_error_RBF=2.288123e-02;