task_id=11;
center=95;
test_error_HBF1=2.406042e-02;
train_error_HBF1=2.506191e-02;
test_error_RBF=2.539481e-02;
train_error_RBF=2.477427e-02;