task_id=8;
center=66;
test_error_HBF1=2.125920e-02;
train_error_HBF1=2.118222e-02;
test_error_RBF=2.634041e-02;
train_error_RBF=2.546700e-02;