task_id=19;
center=170;
test_error_HBF1=2.091403e-02;
train_error_HBF1=2.100338e-02;
test_error_RBF=1.656034e-02;
train_error_RBF=1.594999e-02;