task_id=14;
center=123;
test_error_HBF1=2.183286e-02;
train_error_HBF1=2.040285e-02;
test_error_RBF=2.388718e-02;
train_error_RBF=2.341117e-02;