task_id=2;
secs=5.648316e+02;
minutes=9.413860e+00;
hours=1.568977e-01;
iterations=40001;
center=10;
data_set= '../../../common/data/data_h_gabor_0.7_0.15_0.15_28000_6000_6000.mat' ;