task_id=8;
secs=2.934302e+03;
minutes=4.890504e+01;
hours=8.150840e-01;
iterations=40001;
center=66;
data_set= '../../../common/data/data_h_gabor_0.7_0.15_0.15_28000_6000_6000.mat' ;