task_id=13;
secs=4.960479e+03;
minutes=8.267465e+01;
hours=1.377911e+00;
iterations=40001;
center=114;
data_set= '../../../common/data/data_h_gabor_0.7_0.15_0.15_28000_6000_6000.mat' ;