task_id=11;
secs=4.013900e+03;
minutes=6.689834e+01;
hours=1.114972e+00;
iterations=40001;
center=95;
data_set= '../../../common/data/data_h_gabor_0.7_0.15_0.15_28000_6000_6000.mat' ;