task_id=12;
secs=2.832150e+03;
minutes=4.720251e+01;
hours=7.867085e-01;
iterations=40001;
center=104;
data_set= '../../../common/data/data_h_gabor_0.7_0.15_0.15_28000_6000_6000.mat' ;