task_id=9;
secs=1.968002e+03;
minutes=3.280004e+01;
hours=5.466673e-01;
iterations=40001;
center=76;
data_set= '../../../common/data/data_h_gabor_0.7_0.15_0.15_28000_6000_6000.mat' ;