task_id=7;
secs=2.306381e+03;
minutes=3.843969e+01;
hours=6.406615e-01;
iterations=40001;
center=57;
data_set= '../../../common/data/data_h_gabor_0.7_0.15_0.15_28000_6000_6000.mat' ;