task_id=4;
secs=1.445409e+03;
minutes=2.409014e+01;
hours=4.015024e-01;
iterations=40001;
center=29;
data_set= '../../../common/data/data_h_gabor_0.7_0.15_0.15_28000_6000_6000.mat' ;