task_id=14;
secs=1.102955e+03;
minutes=1.838258e+01;
hours=3.063763e-01;
iterations=30800;
center=123;
data_set= '../../../common/data/data_h_gabor_0.7_0.15_0.15_28000_6000_6000.mat' ;