task_id=11;
secs=5.660932e+02;
minutes=9.434887e+00;
hours=1.572481e-01;
iterations=30800;
center=95;
data_set= '../../../common/data/data_h_gabor_0.7_0.15_0.15_28000_6000_6000.mat' ;