task_id=14;
center=123;
test_error_HBF1=3.118173e-02;
train_error_HBF1=3.002835e-02;
test_error_RBF=2.235369e-02;
train_error_RBF=2.144095e-02;