task_id=1;
secs=2.578226e+03;
minutes=4.297044e+01;
hours=7.161740e-01;
iterations=591312;
center=1;
data_set= '../../../common/data/data_h_gabor_0.7_0.15_0.15_28000_6000_6000.mat' ;