task_id=14;
secs=2.008632e+04;
minutes=3.347720e+02;
hours=5.579534e+00;
iterations=591312;
center=123;
data_set= '../../../common/data/data_h_gabor_0.7_0.15_0.15_28000_6000_6000.mat' ;