task_id=2;
secs=1.636667e+03;
minutes=2.727779e+01;
hours=4.546298e-01;
iterations=30800;
center=45;
data_set= '../../../common/data/data_h_D10_x2sinx_0.7_0.15_0.15_28000_6000_6000.mat' ;