task_id=6;
center=48;
test_error_HBF1=5.275915e+00;
train_error_HBF1=5.270362e+00;
test_error_RBF=5.170271e-02;
train_error_RBF=5.126265e-02;