task_id=7;
center=57;
test_error_HBF1=4.677026e+00;
train_error_HBF1=4.672460e+00;
test_error_RBF=2.621738e-02;
train_error_RBF=2.581997e-02;