task_id=4;
center=29;
test_error_HBF1=2.988803e+00;
train_error_HBF1=3.112758e+00;
test_error_RBF=2.045832e-01;
train_error_RBF=2.036518e-01;