task_id=5;
center=38;
test_error_HBF1=7.013831e+00;
train_error_HBF1=7.304062e+00;
test_error_RBF=1.032132e-01;
train_error_RBF=1.042504e-01;