task_id=15;
secs=3.474031e+04;
minutes=5.790051e+02;
hours=9.650085e+00;
iterations=58800;
center=132;
data_set= '../../../common/data/data_h_sinxy_0.7_0.15_0.15_28000_6000_6000.mat' ;