task_id=10;
secs=2.502862e+04;
minutes=4.171437e+02;
hours=6.952395e+00;
iterations=58800;
center=85;
data_set= '../../../common/data/data_h_sinxy_0.7_0.15_0.15_28000_6000_6000.mat' ;