task_id=2;
secs=5.337582e+03;
minutes=8.895970e+01;
hours=1.482662e+00;
iterations=58800;
center=10;
data_set= '../../../common/data/data_h_sinxy_0.7_0.15_0.15_28000_6000_6000.mat' ;