task_id=18;
secs=4.344787e+04;
minutes=7.241311e+02;
hours=1.206885e+01;
iterations=58800;
center=161;
data_set= '../../../common/data/data_h_sinxy_0.7_0.15_0.15_28000_6000_6000.mat' ;