task_id=6;
secs=1.620704e+04;
minutes=2.701173e+02;
hours=4.501955e+00;
iterations=58800;
center=48;
data_set= '../../../common/data/data_h_sinxy_0.7_0.15_0.15_28000_6000_6000.mat' ;