task_id=1;
secs=1.467831e+03;
minutes=2.446384e+01;
hours=4.077307e-01;
iterations=58800;
center=1;
data_set= '../../../common/data/data_h_sinxy_0.7_0.15_0.15_28000_6000_6000.mat' ;