task_id=7;
secs=3.592829e+05;
minutes=5.988048e+03;
hours=9.980079e+01;
iterations=154000;
center=180;
data_set= '../../../common/data/data_h_add_0.7_0.15_0.15_28000_6000_6000.mat' ;