task_id=13;
secs=4.979553e+03;
minutes=8.299254e+01;
hours=1.383209e+00;
iterations=30800;
center=180;
data_set= '../../../common/data/data_h_1_x2_y2_sinxy_0.7_0.15_0.15_28000_6000_6000.mat' ;