task_id=4;
center=180;
test_error_HBF1=3.805692e+02;
train_error_HBF1=3.867856e+02;
test_error_RBF=4.580592e+03;
train_error_RBF=4.484000e+03;