task_id=1;
secs=1.512386e+02;
minutes=2.520643e+00;
hours=4.201072e-02;
iterations=30800;
center=1;
data_set= '../../../common/data/data_h_add_0.7_0.15_0.15_28000_6000_6000.mat' ;