task_id=6;
center=48;
test_error_HBF1=4.883070e+02;
train_error_HBF1=4.805965e+02;
test_error_RBF=4.883947e+02;
train_error_RBF=4.798717e+02;