task_id=8;
center=66;
test_error_HBF1=4.882978e+02;
train_error_HBF1=4.805715e+02;
test_error_RBF=4.883622e+02;
train_error_RBF=4.794807e+02;