task_id=7;
secs=4.018165e+03;
minutes=6.696942e+01;
hours=1.116157e+00;
iterations=61600;
center=57;
data_set= '../../../common/data/data_h_D10_x2sinx_0.7_0.15_0.15_28000_6000_6000.mat' ;