task_id=11;
secs=6.157134e+03;
minutes=1.026189e+02;
hours=1.710315e+00;
iterations=61600;
center=95;
data_set= '../../../common/data/data_h_D10_x2sinx_0.7_0.15_0.15_28000_6000_6000.mat' ;