task_id=17;
secs=9.057089e+03;
minutes=1.509515e+02;
hours=2.515858e+00;
iterations=61600;
center=151;
data_set= '../../../common/data/data_h_D10_x2sinx_0.7_0.15_0.15_28000_6000_6000.mat' ;