task_id=12;
secs=6.613241e+03;
minutes=1.102207e+02;
hours=1.837011e+00;
iterations=61600;
center=104;
data_set= '../../../common/data/data_h_D10_x2sinx_0.7_0.15_0.15_28000_6000_6000.mat' ;