task_id=1;
secs=6.306045e+02;
minutes=1.051008e+01;
hours=1.751679e-01;
iterations=61600;
center=1;
data_set= '../../../common/data/data_h_D10_x2sinx_0.7_0.15_0.15_28000_6000_6000.mat' ;