task_id=25;
center=621;
test_error_HBF1=1.005125e+00;
train_error_HBF1=1.005118e+00;
test_error_RBF=1.212288e-01;
train_error_RBF=3.578545e-02;