task_id=19;
center=466;
test_error_HBF1=1.002769e+00;
train_error_HBF1=1.002913e+00;
test_error_RBF=1.378551e-01;
train_error_RBF=5.746401e-02;