task_id=6;
center=130;
test_error_HBF1=1.001346e+00;
train_error_HBF1=1.001410e+00;
test_error_RBF=2.210681e-01;
train_error_RBF=1.742959e-01;