task_id=27;
center=672;
test_error_HBF1=1.002374e+00;
train_error_HBF1=1.002382e+00;
test_error_RBF=1.202069e-01;
train_error_RBF=3.166781e-02;