task_id=26;
center=646;
test_error_HBF1=1.008344e+00;
train_error_HBF1=1.008374e+00;
test_error_RBF=1.186533e-01;
train_error_RBF=3.141941e-02;