task_id=30;
center=750;
test_error_HBF1=1.003544e+00;
train_error_HBF1=1.003463e+00;
test_error_RBF=1.127110e-01;
train_error_RBF=2.241554e-02;