task_id=29;
center=724;
test_error_HBF1=1.004619e+00;
train_error_HBF1=1.004786e+00;
test_error_RBF=1.190131e-01;
train_error_RBF=2.678896e-02;