task_id=10;
center=234;
test_error_HBF1=1.000389e+00;
train_error_HBF1=1.000398e+00;
test_error_RBF=1.820801e-01;
train_error_RBF=1.276961e-01;