task_id=18;
secs=6.020743e+03;
minutes=1.003457e+02;
hours=1.672429e+00;
iterations=10500;
center=440;