task_id=26;
secs=7.009586e+03;
minutes=1.168264e+02;
hours=1.947107e+00;
iterations=10500;
center=646;