task_id=2;
secs=5.910287e+02;
minutes=9.850478e+00;
hours=1.641746e-01;
iterations=10500;
center=27;