task_id=16;
secs=5.475801e+03;
minutes=9.126336e+01;
hours=1.521056e+00;
iterations=10500;
center=388;