task_id=25;
secs=7.513716e+03;
minutes=1.252286e+02;
hours=2.087143e+00;
iterations=10500;
center=621;