task_id=29;
center=29;
test_error_HBF1=1.000139e+00;
train_error_HBF1=1.000141e+00;
test_error_RBF=3.320279e-01;
train_error_RBF=3.313739e-01;