task_id=30;
center=30;
test_error_HBF1=1.000067e+00;
train_error_HBF1=1.000068e+00;
test_error_RBF=3.288894e-01;
train_error_RBF=3.248954e-01;