task_id=16;
center=16;
test_error_HBF1=1.000022e+00;
train_error_HBF1=1.000023e+00;
test_error_RBF=4.114509e-01;
train_error_RBF=4.138230e-01;