task_id=32;
center=32;
test_error_HBF1=1.000313e+00;
train_error_HBF1=1.000317e+00;
test_error_RBF=3.329234e-01;
train_error_RBF=3.375900e-01;