task_id=11;
center=11;
test_error_HBF1=5.720620e-01;
train_error_HBF1=5.059012e-01;
test_error_RBF=4.545958e-01;
train_error_RBF=4.006600e-01;