task_id=13;
center=13;
test_error_HBF1=5.664607e-01;
train_error_HBF1=4.986347e-01;
test_error_RBF=4.060493e-01;
train_error_RBF=3.552861e-01;