task_id=18;
center=18;
test_error_HBF1=6.021361e-01;
train_error_HBF1=5.335625e-01;
test_error_RBF=3.672932e-01;
train_error_RBF=3.232213e-01;