task_id=15;
center=15;
test_error_HBF1=5.613444e-01;
train_error_HBF1=4.934394e-01;
test_error_RBF=3.761035e-01;
train_error_RBF=3.320428e-01;