task_id=39;
center=39;
test_error_HBF1=1.000161e+00;
train_error_HBF1=8.977021e-01;
test_error_RBF=3.073487e-01;
train_error_RBF=2.752938e-01;