task_id=4;
center=29;
test_error_HBF1=3.186967e-02;
train_error_HBF1=3.115645e-02;
test_error_RBF=3.165956e-02;
train_error_RBF=3.082206e-02;