task_id=15;
center=132;
test_error_HBF1=3.231701e-02;
train_error_HBF1=3.132416e-02;
test_error_RBF=3.154890e-02;
train_error_RBF=3.062626e-02;