task_id=11;
center=95;
test_error_HBF1=3.222971e-02;
train_error_HBF1=3.165404e-02;
test_error_RBF=3.165540e-02;
train_error_RBF=3.077672e-02;