task_id=18;
center=161;
test_error_HBF1=3.255842e-02;
train_error_HBF1=3.164059e-02;
test_error_RBF=3.114187e-02;
train_error_RBF=3.016934e-02;