task_id=14;
secs=3.699623e+04;
minutes=6.166038e+02;
hours=1.027673e+01;
iterations=61600;
center=123;
data_set= '../../../common/data/data_h_gabor_0.7_0.15_0.15_28000_6000_6000.mat' ;