task_id=2;
secs=3.986218e+03;
minutes=6.643696e+01;
hours=1.107283e+00;
iterations=61600;
center=10;
data_set= '../../../common/data/data_h_gabor_0.7_0.15_0.15_28000_6000_6000.mat' ;