center=285;
test_error=1.000429e+00;
train_errorcenter=1.000440e+00;