center=53;
test_error=1.000170e+00;
train_errorcenter=1.000176e+00;