center=234;
test_error=1.001340e+00;
train_errorcenter=1.001331e+00;