task_id=20;
center=180;
test_error_HBF1=4.312633e-02;
train_error_HBF1=4.252166e-02;
test_error_RBF=6.670489e-03;
train_error_RBF=6.247388e-03;