task_id=10;
center=85;
test_error_HBF1=3.950051e-02;
train_error_HBF1=3.840513e-02;
test_error_RBF=2.785205e-02;
train_error_RBF=2.640143e-02;