task_id=6;
center=48;
test_error_HBF1=4.327808e-02;
train_error_HBF1=4.205849e-02;
test_error_RBF=2.999243e-02;
train_error_RBF=2.956751e-02;