task_id=5;
secs=8.756353e+02;
minutes=1.459392e+01;
hours=2.432320e-01;
iterations=61600;
center=38;
data_set= '../../../common/data/data_h_gabor_0.7_0.15_0.15_28000_6000_6000.mat' ;