task_id=16;
secs=2.516624e+03;
minutes=4.194374e+01;
hours=6.990623e-01;
iterations=61600;
center=142;
data_set= '../../../common/data/data_h_gabor_0.7_0.15_0.15_28000_6000_6000.mat' ;