task_id=6;
secs=1.189046e+03;
minutes=1.981744e+01;
hours=3.302906e-01;
iterations=61600;
center=48;
data_set= '../../../common/data/data_h_gabor_0.7_0.15_0.15_28000_6000_6000.mat' ;