task_id=1;
secs=1.341040e+04;
minutes=2.235066e+02;
hours=3.725110e+00;
iterations=280000;
center=1;
data_set=../../../common/data/data_h_add_0.7_0.15_0.15_28000_6000_6000.mat;