task_id=9;
center=76;
test_error_HBF1=3.161538e-02;
train_error_HBF1=3.105119e-02;
test_error_RBF=2.937052e-02;
train_error_RBF=2.775342e-02;