task_id=8;
secs=6.384982e+02;
minutes=1.064164e+01;
hours=1.773606e-01;
iterations=30800;
center=66;
data_set= '../../../common/data/data_h_gabor_0.7_0.15_0.15_28000_6000_6000.mat' ;