task_id=13;
secs=9.598705e+02;
minutes=1.599784e+01;
hours=2.666307e-01;
iterations=30800;
center=114;
data_set= '../../../common/data/data_h_gabor_0.7_0.15_0.15_28000_6000_6000.mat' ;