task_id=11;
secs=8.276495e+02;
minutes=1.379416e+01;
hours=2.299026e-01;
iterations=30800;
center=95;
data_set= '../../../common/data/data_h_gabor_0.7_0.15_0.15_28000_6000_6000.mat' ;