task_id=18;
secs=1.282138e+03;
minutes=2.136896e+01;
hours=3.561493e-01;
iterations=30800;
center=161;
data_set= '../../../common/data/data_h_gabor_0.7_0.15_0.15_28000_6000_6000.mat' ;