task_id=20;
secs=1.398939e+03;
minutes=2.331565e+01;
hours=3.885942e-01;
iterations=30800;
center=180;
data_set= '../../../common/data/data_h_gabor_0.7_0.15_0.15_28000_6000_6000.mat' ;