task_id=15;
secs=1.093119e+03;
minutes=1.821864e+01;
hours=3.036441e-01;
iterations=30800;
center=132;
data_set= '../../../common/data/data_h_gabor_0.7_0.15_0.15_28000_6000_6000.mat' ;