task_id=6;
secs=3.504126e+02;
minutes=5.840211e+00;
hours=9.733684e-02;
iterations=30800;
center=48;
data_set= '../../../common/data/data_h_gabor_0.7_0.15_0.15_28000_6000_6000.mat' ;