task_id=17;
secs=1.217806e+03;
minutes=2.029677e+01;
hours=3.382795e-01;
iterations=30800;
center=151;
data_set= '../../../common/data/data_h_gabor_0.7_0.15_0.15_28000_6000_6000.mat' ;