task_id=9;
center=76;
test_error_HBF1=1.000906e+00;
train_error_HBF1=9.997464e-01;
test_error_RBF=1.000650e+00;
train_error_RBF=9.977017e-01;