task_id=12;
center=104;
test_error_HBF1=1.000318e+00;
train_error_HBF1=9.995215e-01;
test_error_RBF=1.000608e+00;
train_error_RBF=9.963216e-01;