task_id=8;
center=66;
test_error_HBF1=1.000330e+00;
train_error_HBF1=9.996565e-01;
test_error_RBF=1.000978e+00;
train_error_RBF=9.979728e-01;