task_id=3;
center=19;
test_error_HBF1=1.000650e+00;
train_error_HBF1=9.996026e-01;
test_error_RBF=1.000571e+00;
train_error_RBF=9.992081e-01;