task_id=4;
center=29;
test_error_HBF1=1.000643e+00;
train_error_HBF1=1.000212e+00;
test_error_RBF=1.000815e+00;
train_error_RBF=9.990872e-01;