task_id=10;
center=85;
test_error_HBF1=1.000197e+00;
train_error_HBF1=9.995997e-01;
test_error_RBF=1.002513e+00;
train_error_RBF=9.969425e-01;