task_id=18;
center=161;
test_error_HBF1=1.001605e+00;
train_error_HBF1=9.994145e-01;
test_error_RBF=1.003240e+00;
train_error_RBF=9.937066e-01;