task_id=14;
center=123;
test_error_HBF1=1.001918e+00;
train_error_HBF1=1.000372e+00;
test_error_RBF=1.003247e+00;
train_error_RBF=9.951463e-01;