task_id=6;
center=48;
test_error_HBF1=1.000193e+00;
train_error_HBF1=9.998225e-01;
test_error_RBF=1.000920e+00;
train_error_RBF=9.985862e-01;