task_id=13;
center=114;
test_error_HBF1=1.000524e+00;
train_error_HBF1=9.996523e-01;
test_error_RBF=1.003482e+00;
train_error_RBF=9.957735e-01;