task_id=20;
center=180;
test_error_HBF1=1.001090e+00;
train_error_HBF1=9.996259e-01;
test_error_RBF=1.004055e+00;
train_error_RBF=9.935920e-01;