task_id=5;
center=38;
test_error_HBF1=1.000614e+00;
train_error_HBF1=9.996683e-01;
test_error_RBF=1.001485e+00;
train_error_RBF=9.989693e-01;