task_id=11;
center=95;
test_error_HBF1=1.000698e+00;
train_error_HBF1=9.996456e-01;
test_error_RBF=1.000762e+00;
train_error_RBF=9.962940e-01;