task_id=19;
center=170;
test_error_HBF1=1.000746e+00;
train_error_HBF1=9.999685e-01;
test_error_RBF=1.003428e+00;
train_error_RBF=9.940292e-01;