task_id=2;
center=10;
test_error_HBF1=1.001240e+00;
train_error_HBF1=1.001575e+00;
test_error_RBF=1.000574e+00;
train_error_RBF=9.996596e-01;