task_id=15;
center=132;
test_error_HBF1=1.001435e+00;
train_error_HBF1=9.997337e-01;
test_error_RBF=1.003108e+00;
train_error_RBF=9.953703e-01;