task_id=16;
center=142;
test_error_HBF1=1.000579e+00;
train_error_HBF1=9.998323e-01;
test_error_RBF=1.001976e+00;
train_error_RBF=9.945958e-01;