task_id=17;
center=151;
test_error_HBF1=1.001791e+00;
train_error_HBF1=9.996925e-01;
test_error_RBF=1.002950e+00;
train_error_RBF=9.950926e-01;