task_id=7;
center=57;
test_error_HBF1=1.000542e+00;
train_error_HBF1=9.996398e-01;
test_error_RBF=1.001465e+00;
train_error_RBF=9.984769e-01;