task_id=13;
secs=6.428989e+02;
minutes=1.071498e+01;
hours=1.785830e-01;
iterations=28000;
center=114;
data_set= '../../../common/data/data_h_D10_x2sinx2_0.7_0.15_0.15_28000_6000_6000.mat' ;