task_id=17;
secs=8.164002e+02;
minutes=1.360667e+01;
hours=2.267778e-01;
iterations=28000;
center=151;
data_set= '../../../common/data/data_h_D10_x2sinx2_0.7_0.15_0.15_28000_6000_6000.mat' ;