task_id=12;
secs=8.989809e+02;
minutes=1.498302e+01;
hours=2.497169e-01;
iterations=28000;
center=104;
data_set= '../../../common/data/data_h_D10_x2sinx2_0.7_0.15_0.15_28000_6000_6000.mat' ;