task_id=19;
secs=1.382838e+03;
minutes=2.304731e+01;
hours=3.841218e-01;
iterations=28000;
center=170;
data_set= '../../../common/data/data_h_D10_x2sinx2_0.7_0.15_0.15_28000_6000_6000.mat' ;