task_id=16;
secs=7.857144e+02;
minutes=1.309524e+01;
hours=2.182540e-01;
iterations=28000;
center=142;
data_set= '../../../common/data/data_h_D10_x2sinx2_0.7_0.15_0.15_28000_6000_6000.mat' ;