task_id=11;
secs=8.199802e+02;
minutes=1.366634e+01;
hours=2.277723e-01;
iterations=28000;
center=95;
data_set= '../../../common/data/data_h_D10_x2sinx2_0.7_0.15_0.15_28000_6000_6000.mat' ;