task_id=9;
secs=7.082312e+02;
minutes=1.180385e+01;
hours=1.967309e-01;
iterations=28000;
center=76;
data_set= '../../../common/data/data_h_D10_x2sinx2_0.7_0.15_0.15_28000_6000_6000.mat' ;