task_id=8;
secs=6.495583e+02;
minutes=1.082597e+01;
hours=1.804329e-01;
iterations=28000;
center=66;
data_set= '../../../common/data/data_h_D10_x2sinx2_0.7_0.15_0.15_28000_6000_6000.mat' ;