task_id=6;
secs=5.270578e+02;
minutes=8.784296e+00;
hours=1.464049e-01;
iterations=28000;
center=48;
data_set= '../../../common/data/data_h_D10_x2sinx2_0.7_0.15_0.15_28000_6000_6000.mat' ;