task_id=14;
secs=6.906844e+02;
minutes=1.151141e+01;
hours=1.918568e-01;
iterations=28000;
center=123;
data_set= '../../../common/data/data_h_D10_x2sinx2_0.7_0.15_0.15_28000_6000_6000.mat' ;