task_id=11;
center=95;
test_error_HBF1=1.515144e-01;
train_error_HBF1=1.528052e-01;
test_error_RBF=2.517702e-02;
train_error_RBF=2.369402e-02;