task_id=3;
center=19;
test_error_HBF1=7.846330e-02;
train_error_HBF1=7.688223e-02;
test_error_RBF=3.108869e-02;
train_error_RBF=3.010778e-02;