task_id=12;
center=104;
test_error_HBF1=1.171387e-01;
train_error_HBF1=1.195073e-01;
test_error_RBF=2.603191e-02;
train_error_RBF=2.546115e-02;