task_id=17;
center=151;
test_error_HBF1=1.260755e-01;
train_error_HBF1=1.250971e-01;
test_error_RBF=1.984481e-02;
train_error_RBF=1.978002e-02;