task_id=3;
secs=3.346488e+02;
minutes=5.577481e+00;
hours=9.295801e-02;
iterations=30800;
center=19;
data_set= '../../../common/data/data_h_gabor_0.7_0.15_0.15_28000_6000_6000.mat' ;