task_id=9;
secs=7.362169e+02;
minutes=1.227028e+01;
hours=2.045047e-01;
iterations=30800;
center=76;
data_set= '../../../common/data/data_h_gabor_0.7_0.15_0.15_28000_6000_6000.mat' ;