task_id=9;
center=76;
test_error_HBF1=2.370612e+01;
train_error_HBF1=2.356509e+01;
test_error_RBF=1.651158e+02;
train_error_RBF=1.660231e+02;