task_id=13;
center=114;
test_error_HBF1=1.659803e+01;
train_error_HBF1=1.668762e+01;
test_error_RBF=4.668569e+01;
train_error_RBF=4.511740e+01;