task_id=7;
center=57;
test_error_HBF1=3.621771e+01;
train_error_HBF1=3.529761e+01;
test_error_RBF=8.224521e+02;
train_error_RBF=7.525710e+02;