task_id=15;
secs=4.916472e+03;
minutes=8.194120e+01;
hours=1.365687e+00;
iterations=42000;
center=132;
data_set= '../../../common/data/data_h_add_0.7_0.15_0.15_28000_6000_6000.mat' ;