task_id=8;
secs=2.845486e+03;
minutes=4.742477e+01;
hours=7.904128e-01;
iterations=42000;
center=66;
data_set= '../../../common/data/data_h_add_0.7_0.15_0.15_28000_6000_6000.mat' ;