task_id=12;
secs=4.029355e+03;
minutes=6.715591e+01;
hours=1.119265e+00;
iterations=42000;
center=104;
data_set= '../../../common/data/data_h_add_0.7_0.15_0.15_28000_6000_6000.mat' ;